LineId,Logrecord,Date,Time,Pid,Level,Component,ADDR,Content,EventId,EventTemplate,ParameterList
1,nova-api.log.2017-05-14_21:27:04,2017-05-14,19:39:01.445,25746,INFO,nova.osapi_compute.wsgi.server,req-5a2050e7-b381-4ae9-92d2-8b08e9f9f4c0 113d3a99c3da401fbd62cc2caa5b96d2 54fadb412c4e40cdbaed9335e4c35a9e - - -,"10.11.10.1 ""GET /v2/54fadb412c4e40cdbaed9335e4c35a9e/servers/detail HTTP/1.1"" status: 200 len: 1583 time: 0.1919448",0,<*> <*> <*>HTTP<*>status: <*> len: <*> time: <*>.<*>,"['10.11.10.1', '""GET /v2/54fadb412c4e40cdbaed9335e4c35a9e/servers/detail ', '/1.1"" ', '200', '1583', '0.1919448']"
2,nova-api.log.2017-05-14_21:27:04,2017-05-14,19:39:01.650,25746,INFO,nova.osapi_compute.wsgi.server,req-c26a7d54-55ab-412e-947f-421a2cb934fc 113d3a99c3da401fbd62cc2caa5b96d2 54fadb412c4e40cdbaed9335e4c35a9e - - -,"10.11.10.1 ""GET /v2/54fadb412c4e40cdbaed9335e4c35a9e/servers/3edec1e4-9678-4a3a-a21b-a145a4ee5e61 HTTP/1.1"" status: 200 len: 1708 time: 0.2011580",0,<*> <*> <*>HTTP<*>status: <*> len: <*> time: <*>.<*>,"['10.11.10.1', '""GET /v2/54fadb412c4e40cdbaed9335e4c35a9e/servers/3edec1e4-9678-4a3a-a21b-a145a4ee5e61 ', '/1.1"" ', '200', '1708', '0.2011580']"
3,nova-compute.log.2017-05-14_21:27:09,2017-05-14,19:39:02.007,2931,INFO,nova.virt.libvirt.driver,req-e285b551-587f-4c1d-8eba-dceb2673637f 113d3a99c3da401fbd62cc2caa5b96d2 54fadb412c4e40cdbaed9335e4c35a9e - - -,[instance: 3edec1e4-9678-4a3a-a21b-a145a4ee5e61] Creating image,1,<*> Creating image,['[instance: 3edec1e4-9678-4a3a-a21b-a145a4ee5e61]']
4,nova-api.log.2017-05-14_21:27:04,2017-05-14,19:39:02.924,25746,INFO,nova.osapi_compute.wsgi.server,req-eb681812-78ae-4a9f-9e2a-96e505285512 113d3a99c3da401fbd62cc2caa5b96d2 54fadb412c4e40cdbaed9335e4c35a9e - - -,"10.11.10.1 ""GET /v2/54fadb412c4e40cdbaed9335e4c35a9e/servers/detail HTTP/1.1"" status: 200 len: 1759 time: 0.2698390",0,<*> <*> <*>HTTP<*>status: <*> len: <*> time: <*>.<*>,"['10.11.10.1', '""GET /v2/54fadb412c4e40cdbaed9335e4c35a9e/servers/detail ', '/1.1"" ', '200', '1759', '0.2698390']"
5,nova-compute.log.2017-05-14_21:27:09,2017-05-14,19:39:03.166,2931,INFO,nova.compute.manager,-,[instance: 2b590f10-49fd-4ec9-ae41-19596c2f4b25] VM Stopped (Lifecycle Event),2,<*> VM <*> (Lifecycle Event),"['[instance: 2b590f10-49fd-4ec9-ae41-19596c2f4b25]', 'Stopped']"
6,nova-api.log.2017-05-14_21:27:04,2017-05-14,19:39:03.201,25746,INFO,nova.osapi_compute.wsgi.server,req-050312b7-c94e-4773-9319-c330e1f3fdaa 113d3a99c3da401fbd62cc2caa5b96d2 54fadb412c4e40cdbaed9335e4c35a9e - - -,"10.11.10.1 ""GET /v2/54fadb412c4e40cdbaed9335e4c35a9e/servers/detail HTTP/1.1"" status: 200 len: 1759 time: 0.2721701",0,<*> <*> <*>HTTP<*>status: <*> len: <*> time: <*>.<*>,"['10.11.10.1', '""GET /v2/54fadb412c4e40cdbaed9335e4c35a9e/servers/detail ', '/1.1"" ', '200', '1759', '0.2721701']"
7,nova-api.log.2017-05-14_21:27:04,2017-05-14,19:39:04.482,25746,INFO,nova.osapi_compute.wsgi.server,req-1e8474d7-f02c-4387-87a6-683c94287696 113d3a99c3da401fbd62cc2caa5b96d2 54fadb412c4e40cdbaed9335e4c35a9e - - -,"10.11.10.1 ""GET /v2/54fadb412c4e40cdbaed9335e4c35a9e/servers/detail HTTP/1.1"" status: 200 len: 1893 time: 0.2753191",0,<*> <*> <*>HTTP<*>status: <*> len: <*> time: <*>.<*>,"['10.11.10.1', '""GET /v2/54fadb412c4e40cdbaed9335e4c35a9e/servers/detail ', '/1.1"" ', '200', '1893', '0.2753191']"
8,nova-api.log.2017-05-14_21:27:04,2017-05-14,19:39:04.747,25746,INFO,nova.osapi_compute.wsgi.server,req-47de1e9d-000c-47b6-b424-c8cbaf0048c3 113d3a99c3da401fbd62cc2caa5b96d2 54fadb412c4e40cdbaed9335e4c35a9e - - -,"10.11.10.1 ""GET /v2/54fadb412c4e40cdbaed9335e4c35a9e/servers/detail HTTP/1.1"" status: 200 len: 1893 time: 0.2607281",0,<*> <*> <*>HTTP<*>status: <*> len: <*> time: <*>.<*>,"['10.11.10.1', '""GET /v2/54fadb412c4e40cdbaed9335e4c35a9e/servers/detail ', '/1.1"" ', '200', '1893', '0.2607281']"
9,nova-api.log.2017-05-14_21:27:04,2017-05-14,19:39:06.009,25746,INFO,nova.osapi_compute.wsgi.server,req-6f641f5f-9dac-4c59-a445-b43e58482f58 113d3a99c3da401fbd62cc2caa5b96d2 54fadb412c4e40cdbaed9335e4c35a9e - - -,"10.11.10.1 ""GET /v2/54fadb412c4e40cdbaed9335e4c35a9e/servers/detail HTTP/1.1"" status: 200 len: 1893 time: 0.2560410",0,<*> <*> <*>HTTP<*>status: <*> len: <*> time: <*>.<*>,"['10.11.10.1', '""GET /v2/54fadb412c4e40cdbaed9335e4c35a9e/servers/detail ', '/1.1"" ', '200', '1893', '0.2560410']"
10,nova-api.log.2017-05-14_21:27:04,2017-05-14,19:39:06.278,25746,INFO,nova.osapi_compute.wsgi.server,req-673d3e7b-9c65-461a-a48c-66af15d4d0e7 113d3a99c3da401fbd62cc2caa5b96d2 54fadb412c4e40cdbaed9335e4c35a9e - - -,"10.11.10.1 ""GET /v2/54fadb412c4e40cdbaed9335e4c35a9e/servers/detail HTTP/1.1"" status: 200 len: 1893 time: 0.2658279",0,<*> <*> <*>HTTP<*>status: <*> len: <*> time: <*>.<*>,"['10.11.10.1', '""GET /v2/54fadb412c4e40cdbaed9335e4c35a9e/servers/detail ', '/1.1"" ', '200', '1893', '0.2658279']"
11,nova-api.log.2017-05-14_21:27:04,2017-05-14,19:39:07.549,25746,INFO,nova.osapi_compute.wsgi.server,req-2917bb4d-38bd-4ae8-8729-6dce587d46e7 113d3a99c3da401fbd62cc2caa5b96d2 54fadb412c4e40cdbaed9335e4c35a9e - - -,"10.11.10.1 ""GET /v2/54fadb412c4e40cdbaed9335e4c35a9e/servers/detail HTTP/1.1"" status: 200 len: 1893 time: 0.2639439",0,<*> <*> <*>HTTP<*>status: <*> len: <*> time: <*>.<*>,"['10.11.10.1', '""GET /v2/54fadb412c4e40cdbaed9335e4c35a9e/servers/detail ', '/1.1"" ', '200', '1893', '0.2639439']"
12,nova-api.log.2017-05-14_21:27:04,2017-05-14,19:39:07.798,25746,INFO,nova.osapi_compute.wsgi.server,req-888bb049-66b4-4802-8cdf-386c2d116c0c 113d3a99c3da401fbd62cc2caa5b96d2 54fadb412c4e40cdbaed9335e4c35a9e - - -,"10.11.10.1 ""GET /v2/54fadb412c4e40cdbaed9335e4c35a9e/servers/detail HTTP/1.1"" status: 200 len: 1893 time: 0.2448030",0,<*> <*> <*>HTTP<*>status: <*> len: <*> time: <*>.<*>,"['10.11.10.1', '""GET /v2/54fadb412c4e40cdbaed9335e4c35a9e/servers/detail ', '/1.1"" ', '200', '1893', '0.2448030']"
13,nova-api.log.2017-05-14_21:27:04,2017-05-14,19:39:09.062,25746,INFO,nova.osapi_compute.wsgi.server,req-f635e889-a850-4c89-a10f-505c5a023f89 113d3a99c3da401fbd62cc2caa5b96d2 54fadb412c4e40cdbaed9335e4c35a9e - - -,"10.11.10.1 ""GET /v2/54fadb412c4e40cdbaed9335e4c35a9e/servers/detail HTTP/1.1"" status: 200 len: 1893 time: 0.2581480",0,<*> <*> <*>HTTP<*>status: <*> len: <*> time: <*>.<*>,"['10.11.10.1', '""GET /v2/54fadb412c4e40cdbaed9335e4c35a9e/servers/detail ', '/1.1"" ', '200', '1893', '0.2581480']"
14,nova-api.log.2017-05-14_21:27:04,2017-05-14,19:39:09.330,25746,INFO,nova.osapi_compute.wsgi.server,req-c7d137bb-3573-427e-876c-c861aff95551 113d3a99c3da401fbd62cc2caa5b96d2 54fadb412c4e40cdbaed9335e4c35a9e - - -,"10.11.10.1 ""GET /v2/54fadb412c4e40cdbaed9335e4c35a9e/servers/detail HTTP/1.1"" status: 200 len: 1893 time: 0.2636831",0,<*> <*> <*>HTTP<*>status: <*> len: <*> time: <*>.<*>,"['10.11.10.1', '""GET /v2/54fadb412c4e40cdbaed9335e4c35a9e/servers/detail ', '/1.1"" ', '200', '1893', '0.2636831']"
15,nova-compute.log.2017-05-14_21:27:09,2017-05-14,19:39:09.660,2931,WARNING,nova.compute.manager,req-addc1839-2ed5-4778-b57e-5854eb7b8b09 - - - - -,"While synchronizing instance power states, found 1 instances in the database and 0 instances on the hypervisor.",3,"While synchronizing instance power states, found <*> instances in the database and <*> instances on the hypervisor.","['1', '0']"
16,nova-api.log.2017-05-14_21:27:04,2017-05-14,19:39:10.593,25746,INFO,nova.osapi_compute.wsgi.server,req-fd83b57c-260f-4ea7-8d3a-e4ea0a2932bc 113d3a99c3da401fbd62cc2caa5b96d2 54fadb412c4e40cdbaed9335e4c35a9e - - -,"10.11.10.1 ""GET /v2/54fadb412c4e40cdbaed9335e4c35a9e/servers/detail HTTP/1.1"" status: 200 len: 1893 time: 0.2585728",0,<*> <*> <*>HTTP<*>status: <*> len: <*> time: <*>.<*>,"['10.11.10.1', '""GET /v2/54fadb412c4e40cdbaed9335e4c35a9e/servers/detail ', '/1.1"" ', '200', '1893', '0.2585728']"
17,nova-api.log.2017-05-14_21:27:04,2017-05-14,19:39:10.857,25746,INFO,nova.osapi_compute.wsgi.server,req-636a4566-1c6f-4a18-abbc-fcdca13ae23f 113d3a99c3da401fbd62cc2caa5b96d2 54fadb412c4e40cdbaed9335e4c35a9e - - -,"10.11.10.1 ""GET /v2/54fadb412c4e40cdbaed9335e4c35a9e/servers/detail HTTP/1.1"" status: 200 len: 1893 time: 0.2585540",0,<*> <*> <*>HTTP<*>status: <*> len: <*> time: <*>.<*>,"['10.11.10.1', '""GET /v2/54fadb412c4e40cdbaed9335e4c35a9e/servers/detail ', '/1.1"" ', '200', '1893', '0.2585540']"
18,nova-api.log.2017-05-14_21:27:04,2017-05-14,19:39:12.121,25746,INFO,nova.osapi_compute.wsgi.server,req-3b966353-9948-4759-812d-ca5a5d8cefc3 113d3a99c3da401fbd62cc2caa5b96d2 54fadb412c4e40cdbaed9335e4c35a9e - - -,"10.11.10.1 ""GET /v2/54fadb412c4e40cdbaed9335e4c35a9e/servers/detail HTTP/1.1"" status: 200 len: 1893 time: 0.2589438",0,<*> <*> <*>HTTP<*>status: <*> len: <*> time: <*>.<*>,"['10.11.10.1', '""GET /v2/54fadb412c4e40cdbaed9335e4c35a9e/servers/detail ', '/1.1"" ', '200', '1893', '0.2589438']"
19,nova-api.log.2017-05-14_21:27:04,2017-05-14,19:39:12.395,25746,INFO,nova.osapi_compute.wsgi.server,req-fc0c20c4-061f-4cde-a985-8ab3bd19be9c 113d3a99c3da401fbd62cc2caa5b96d2 54fadb412c4e40cdbaed9335e4c35a9e - - -,"10.11.10.1 ""GET /v2/54fadb412c4e40cdbaed9335e4c35a9e/servers/detail HTTP/1.1"" status: 200 len: 1893 time: 0.2693439",0,<*> <*> <*>HTTP<*>status: <*> len: <*> time: <*>.<*>,"['10.11.10.1', '""GET /v2/54fadb412c4e40cdbaed9335e4c35a9e/servers/detail ', '/1.1"" ', '200', '1893', '0.2693439']"
20,nova-api.log.2017-05-14_21:27:04,2017-05-14,19:39:13.667,25746,INFO,nova.osapi_compute.wsgi.server,req-cc2d7969-57ea-46b5-a9b5-03e0335a3563 113d3a99c3da401fbd62cc2caa5b96d2 54fadb412c4e40cdbaed9335e4c35a9e - - -,"10.11.10.1 ""GET /v2/54fadb412c4e40cdbaed9335e4c35a9e/servers/detail HTTP/1.1"" status: 200 len: 1893 time: 0.2663760",0,<*> <*> <*>HTTP<*>status: <*> len: <*> time: <*>.<*>,"['10.11.10.1', '""GET /v2/54fadb412c4e40cdbaed9335e4c35a9e/servers/detail ', '/1.1"" ', '200', '1893', '0.2663760']"
21,nova-api.log.2017-05-14_21:27:04,2017-05-14,19:39:13.929,25746,INFO,nova.osapi_compute.wsgi.server,req-001cec7f-8dae-4a44-b89e-c1fc054123da 113d3a99c3da401fbd62cc2caa5b96d2 54fadb412c4e40cdbaed9335e4c35a9e - - -,"10.11.10.1 ""GET /v2/54fadb412c4e40cdbaed9335e4c35a9e/servers/detail HTTP/1.1"" status: 200 len: 1893 time: 0.2572000",0,<*> <*> <*>HTTP<*>status: <*> len: <*> time: <*>.<*>,"['10.11.10.1', '""GET /v2/54fadb412c4e40cdbaed9335e4c35a9e/servers/detail ', '/1.1"" ', '200', '1893', '0.2572000']"
22,nova-compute.log.2017-05-14_21:27:09,2017-05-14,19:39:14.913,2931,INFO,nova.compute.manager,req-3ea4052c-895d-4b64-9e2d-04d64c4d94ab - - - - -,[instance: 3edec1e4-9678-4a3a-a21b-a145a4ee5e61] VM Started (Lifecycle Event),2,<*> VM <*> (Lifecycle Event),"['[instance: 3edec1e4-9678-4a3a-a21b-a145a4ee5e61]', 'Started']"
23,nova-compute.log.2017-05-14_21:27:09,2017-05-14,19:39:14.988,2931,INFO,nova.compute.manager,req-3ea4052c-895d-4b64-9e2d-04d64c4d94ab - - - - -,[instance: 3edec1e4-9678-4a3a-a21b-a145a4ee5e61] VM Paused (Lifecycle Event),2,<*> VM <*> (Lifecycle Event),"['[instance: 3edec1e4-9678-4a3a-a21b-a145a4ee5e61]', 'Paused']"
24,nova-compute.log.2017-05-14_21:27:09,2017-05-14,19:39:15.105,2931,INFO,nova.compute.manager,req-3ea4052c-895d-4b64-9e2d-04d64c4d94ab - - - - -,[instance: 3edec1e4-9678-4a3a-a21b-a145a4ee5e61] During sync_power_state the instance has a pending task (spawning). Skip.,4,<*> During sync_power_state the instance has a pending task (spawning). Skip.,['[instance: 3edec1e4-9678-4a3a-a21b-a145a4ee5e61]']
25,nova-compute.log.2017-05-14_21:27:09,2017-05-14,19:39:15.195,2931,INFO,nova.virt.libvirt.imagecache,req-addc1839-2ed5-4778-b57e-5854eb7b8b09 - - - - -,image 0673dd71-34c5-4fbb-86c4-40623fbe45b4 at (/var/lib/nova/instances/_base/a489c868f0c37da93b76227c91bb03908ac0e742): checking,5,image <*>dd<*>-<*>c<*>-<*>fbb-<*>c<*>-<*>fbe<*>b<*> at (<*>checking,"['0673', '71-34', '5-4', '86c4', '40623', '45b4', '/var/lib/nova/instances/_base/a489c868f0c37da93b76227c91bb03908ac0e742): ']"
26,nova-compute.log.2017-05-14_21:27:09,2017-05-14,19:39:15.196,2931,INFO,nova.virt.libvirt.imagecache,req-addc1839-2ed5-4778-b57e-5854eb7b8b09 - - - - -,"image 0673dd71-34c5-4fbb-86c4-40623fbe45b4 at (/var/lib/nova/instances/_base/a489c868f0c37da93b76227c91bb03908ac0e742): in use: on this node 1 local, 0 on other nodes sharing this instance storage",6,"image <*>dd<*>-<*>c<*>-<*>fbb-<*>c<*>-<*>fbe<*>b<*> at (<*>in use: on this node <*> local, <*> on other nodes sharing this instance storage","['0673', '71-34', '5-4', '86c4', '40623', '45b4', '/var/lib/nova/instances/_base/a489c868f0c37da93b76227c91bb03908ac0e742): ', '1', '0']"
27,nova-api.log.2017-05-14_21:27:04,2017-05-14,19:39:15.203,25746,INFO,nova.osapi_compute.wsgi.server,req-3127022f-f330-4686-83b7-f6c8e087fc53 113d3a99c3da401fbd62cc2caa5b96d2 54fadb412c4e40cdbaed9335e4c35a9e - - -,"10.11.10.1 ""GET /v2/54fadb412c4e40cdbaed9335e4c35a9e/servers/detail HTTP/1.1"" status: 200 len: 1893 time: 0.2673762",0,<*> <*> <*>HTTP<*>status: <*> len: <*> time: <*>.<*>,"['10.11.10.1', '""GET /v2/54fadb412c4e40cdbaed9335e4c35a9e/servers/detail ', '/1.1"" ', '200', '1893', '0.2673762']"
28,nova-compute.log.2017-05-14_21:27:09,2017-05-14,19:39:15.381,2931,INFO,nova.virt.libvirt.imagecache,req-addc1839-2ed5-4778-b57e-5854eb7b8b09 - - - - -,Active base files: /var/lib/nova/instances/_base/a489c868f0c37da93b76227c91bb03908ac0e742,7,<*> base <*> /var/lib/nova/instances/_base/a<*>c<*>f<*>c<*>da<*>b<*>c<*>bb<*>ac<*>e<*>,"['Active', 'files:', '489c868', '0c37', '93b76227', '91', '03908', '0e742']"
29,nova-api.log.2017-05-14_21:27:04,2017-05-14,19:39:15.473,25746,INFO,nova.osapi_compute.wsgi.server,req-4fc0cc63-003d-4710-9ef3-ecccecddff08 113d3a99c3da401fbd62cc2caa5b96d2 54fadb412c4e40cdbaed9335e4c35a9e - - -,"10.11.10.1 ""GET /v2/54fadb412c4e40cdbaed9335e4c35a9e/servers/detail HTTP/1.1"" status: 200 len: 1893 time: 0.2675302",0,<*> <*> <*>HTTP<*>status: <*> len: <*> time: <*>.<*>,"['10.11.10.1', '""GET /v2/54fadb412c4e40cdbaed9335e4c35a9e/servers/detail ', '/1.1"" ', '200', '1893', '0.2675302']"
30,nova-api.log.2017-05-14_21:27:04,2017-05-14,19:39:16.900,25746,INFO,nova.osapi_compute.wsgi.server,req-94c35dc5-d1ba-437c-bd36-12e71c4e8ea5 113d3a99c3da401fbd62cc2caa5b96d2 54fadb412c4e40cdbaed9335e4c35a9e - - -,"10.11.10.1 ""GET /v2/54fadb412c4e40cdbaed9335e4c35a9e/servers/detail HTTP/1.1"" status: 200 len: 1893 time: 0.4216759",0,<*> <*> <*>HTTP<*>status: <*> len: <*> time: <*>.<*>,"['10.11.10.1', '""GET /v2/54fadb412c4e40cdbaed9335e4c35a9e/servers/detail ', '/1.1"" ', '200', '1893', '0.4216759']"
31,nova-api.log.2017-05-14_21:27:04,2017-05-14,19:39:17.166,25746,INFO,nova.osapi_compute.wsgi.server,req-994d8d02-9b6d-4b2c-b58c-a402511587fb 113d3a99c3da401fbd62cc2caa5b96d2 54fadb412c4e40cdbaed9335e4c35a9e - - -,"10.11.10.1 ""GET /v2/54fadb412c4e40cdbaed9335e4c35a9e/servers/detail HTTP/1.1"" status: 200 len: 1893 time: 0.2622859",0,<*> <*> <*>HTTP<*>status: <*> len: <*> time: <*>.<*>,"['10.11.10.1', '""GET /v2/54fadb412c4e40cdbaed9335e4c35a9e/servers/detail ', '/1.1"" ', '200', '1893', '0.2622859']"
32,nova-api.log.2017-05-14_21:27:04,2017-05-14,19:39:18.431,25746,INFO,nova.osapi_compute.wsgi.server,req-5fac9844-fb00-48ef-8b08-6435ba526e2a 113d3a99c3da401fbd62cc2caa5b96d2 54fadb412c4e40cdbaed9335e4c35a9e - - -,"10.11.10.1 ""GET /v2/54fadb412c4e40cdbaed9335e4c35a9e/servers/detail HTTP/1.1"" status: 200 len: 1893 time: 0.2599440",0,<*> <*> <*>HTTP<*>status: <*> len: <*> time: <*>.<*>,"['10.11.10.1', '""GET /v2/54fadb412c4e40cdbaed9335e4c35a9e/servers/detail ', '/1.1"" ', '200', '1893', '0.2599440']"
33,nova-api.log.2017-05-14_21:27:04,2017-05-14,19:39:18.693,25746,INFO,nova.osapi_compute.wsgi.server,req-59e66e9d-b914-4bfd-b3ad-df27de497001 113d3a99c3da401fbd62cc2caa5b96d2 54fadb412c4e40cdbaed9335e4c35a9e - - -,"10.11.10.1 ""GET /v2/54fadb412c4e40cdbaed9335e4c35a9e/servers/detail HTTP/1.1"" status: 200 len: 1893 time: 0.2574270",0,<*> <*> <*>HTTP<*>status: <*> len: <*> time: <*>.<*>,"['10.11.10.1', '""GET /v2/54fadb412c4e40cdbaed9335e4c35a9e/servers/detail ', '/1.1"" ', '200', '1893', '0.2574270']"
34,nova-api.log.2017-05-14_21:27:04,2017-05-14,19:39:19.968,25746,INFO,nova.osapi_compute.wsgi.server,req-6b8024bd-6e56-46f4-8584-e9e60471fe69 113d3a99c3da401fbd62cc2caa5b96d2 54fadb412c4e40cdbaed9335e4c35a9e - - -,"10.11.10.1 ""GET /v2/54fadb412c4e40cdbaed9335e4c35a9e/servers/detail HTTP/1.1"" status: 200 len: 1893 time: 0.2694130",0,<*> <*> <*>HTTP<*>status: <*> len: <*> time: <*>.<*>,"['10.11.10.1', '""GET /v2/54fadb412c4e40cdbaed9335e4c35a9e/servers/detail ', '/1.1"" ', '200', '1893', '0.2694130']"
35,nova-api.log.2017-05-14_21:27:04,2017-05-14,19:39:20.236,25746,INFO,nova.osapi_compute.wsgi.server,req-085c6990-0d46-47b6-b623-bbb71d467c0c 113d3a99c3da401fbd62cc2caa5b96d2 54fadb412c4e40cdbaed9335e4c35a9e - - -,"10.11.10.1 ""GET /v2/54fadb412c4e40cdbaed9335e4c35a9e/servers/detail HTTP/1.1"" status: 200 len: 1893 time: 0.2638462",0,<*> <*> <*>HTTP<*>status: <*> len: <*> time: <*>.<*>,"['10.11.10.1', '""GET /v2/54fadb412c4e40cdbaed9335e4c35a9e/servers/detail ', '/1.1"" ', '200', '1893', '0.2638462']"
36,nova-compute.log.2017-05-14_21:27:09,2017-05-14,19:39:20.436,2931,INFO,nova.virt.libvirt.imagecache,req-addc1839-2ed5-4778-b57e-5854eb7b8b09 - - - - -,image 0673dd71-34c5-4fbb-86c4-40623fbe45b4 at (/var/lib/nova/instances/_base/a489c868f0c37da93b76227c91bb03908ac0e742): checking,5,image <*>dd<*>-<*>c<*>-<*>fbb-<*>c<*>-<*>fbe<*>b<*> at (<*>checking,"['0673', '71-34', '5-4', '86c4', '40623', '45b4', '/var/lib/nova/instances/_base/a489c868f0c37da93b76227c91bb03908ac0e742): ']"
37,nova-compute.log.2017-05-14_21:27:09,2017-05-14,19:39:20.437,2931,INFO,nova.virt.libvirt.imagecache,req-addc1839-2ed5-4778-b57e-5854eb7b8b09 - - - - -,"image 0673dd71-34c5-4fbb-86c4-40623fbe45b4 at (/var/lib/nova/instances/_base/a489c868f0c37da93b76227c91bb03908ac0e742): in use: on this node 1 local, 0 on other nodes sharing this instance storage",6,"image <*>dd<*>-<*>c<*>-<*>fbb-<*>c<*>-<*>fbe<*>b<*> at (<*>in use: on this node <*> local, <*> on other nodes sharing this instance storage","['0673', '71-34', '5-4', '86c4', '40623', '45b4', '/var/lib/nova/instances/_base/a489c868f0c37da93b76227c91bb03908ac0e742): ', '1', '0']"
38,nova-compute.log.2017-05-14_21:27:09,2017-05-14,19:39:20.621,2931,INFO,nova.virt.libvirt.imagecache,req-addc1839-2ed5-4778-b57e-5854eb7b8b09 - - - - -,Active base files: /var/lib/nova/instances/_base/a489c868f0c37da93b76227c91bb03908ac0e742,7,<*> base <*> /var/lib/nova/instances/_base/a<*>c<*>f<*>c<*>da<*>b<*>c<*>bb<*>ac<*>e<*>,"['Active', 'files:', '489c868', '0c37', '93b76227', '91', '03908', '0e742']"
39,nova-api.log.2017-05-14_21:27:04,2017-05-14,19:39:21.613,25746,INFO,nova.osapi_compute.wsgi.server,req-1752fed8-1b93-4940-a7fc-abc4cbe6d960 113d3a99c3da401fbd62cc2caa5b96d2 54fadb412c4e40cdbaed9335e4c35a9e - - -,"10.11.10.1 ""GET /v2/54fadb412c4e40cdbaed9335e4c35a9e/servers/detail HTTP/1.1"" status: 200 len: 1893 time: 0.3712389",0,<*> <*> <*>HTTP<*>status: <*> len: <*> time: <*>.<*>,"['10.11.10.1', '""GET /v2/54fadb412c4e40cdbaed9335e4c35a9e/servers/detail ', '/1.1"" ', '200', '1893', '0.3712389']"
40,nova-api.log.2017-05-14_21:27:04,2017-05-14,19:39:21.875,25746,INFO,nova.osapi_compute.wsgi.server,req-414cc721-849a-4f63-88d0-2cbc53303553 113d3a99c3da401fbd62cc2caa5b96d2 54fadb412c4e40cdbaed9335e4c35a9e - - -,"10.11.10.1 ""GET /v2/54fadb412c4e40cdbaed9335e4c35a9e/servers/detail HTTP/1.1"" status: 200 len: 1893 time: 0.2569900",0,<*> <*> <*>HTTP<*>status: <*> len: <*> time: <*>.<*>,"['10.11.10.1', '""GET /v2/54fadb412c4e40cdbaed9335e4c35a9e/servers/detail ', '/1.1"" ', '200', '1893', '0.2569900']"
41,nova-api.log.2017-05-14_21:27:04,2017-05-14,19:39:22.564,25743,INFO,nova.api.openstack.compute.server_external_events,req-f2e0dc94-6f72-42e9-9b92-39dde4ae1618 f7b8d1f1d4d44643b07fa10ca7d021fb e9746973ac574c6b8a9e8857f56a7608 - - -,Creating event network-vif-plugged:95fcdc5e-3159-4e86-968a-13a2a06e9e89 for instance 3edec1e4-9678-4a3a-a21b-a145a4ee5e61,8,Creating event <*> for instance <*>,"['network-vif-plugged:95fcdc5e-3159-4e86-968a-13a2a06e9e89', '3edec1e4-9678-4a3a-a21b-a145a4ee5e61']"
42,nova-api.log.2017-05-14_21:27:04,2017-05-14,19:39:22.570,25743,INFO,nova.osapi_compute.wsgi.server,req-f2e0dc94-6f72-42e9-9b92-39dde4ae1618 f7b8d1f1d4d44643b07fa10ca7d021fb e9746973ac574c6b8a9e8857f56a7608 - - -,"10.11.10.1 ""POST /v2/e9746973ac574c6b8a9e8857f56a7608/os-server-external-events HTTP/1.1"" status: 200 len: 380 time: 0.0929029",0,<*> <*> <*>HTTP<*>status: <*> len: <*> time: <*>.<*>,"['10.11.10.1', '""POST /v2/e9746973ac574c6b8a9e8857f56a7608/os-server-external-events ', '/1.1"" ', '200', '380', '0.0929029']"
43,nova-compute.log.2017-05-14_21:27:09,2017-05-14,19:39:22.577,2931,INFO,nova.compute.manager,req-3ea4052c-895d-4b64-9e2d-04d64c4d94ab - - - - -,[instance: 3edec1e4-9678-4a3a-a21b-a145a4ee5e61] VM Resumed (Lifecycle Event),2,<*> VM <*> (Lifecycle Event),"['[instance: 3edec1e4-9678-4a3a-a21b-a145a4ee5e61]', 'Resumed']"
44,nova-compute.log.2017-05-14_21:27:09,2017-05-14,19:39:22.589,2931,INFO,nova.virt.libvirt.driver,-,[instance: 3edec1e4-9678-4a3a-a21b-a145a4ee5e61] Instance spawned successfully.,9,<*> Instance <*> successfully.,"['[instance: 3edec1e4-9678-4a3a-a21b-a145a4ee5e61]', 'spawned']"
45,nova-compute.log.2017-05-14_21:27:09,2017-05-14,19:39:22.590,2931,INFO,nova.compute.manager,req-e285b551-587f-4c1d-8eba-dceb2673637f 113d3a99c3da401fbd62cc2caa5b96d2 54fadb412c4e40cdbaed9335e4c35a9e - - -,[instance: 3edec1e4-9678-4a3a-a21b-a145a4ee5e61] Took 20.58 seconds to spawn the instance on the hypervisor.,10,<*> Took <*>.<*> seconds to <*> the instance on the hypervisor.,"['[instance: 3edec1e4-9678-4a3a-a21b-a145a4ee5e61]', '20.58', 'spawn']"
46,nova-compute.log.2017-05-14_21:27:09,2017-05-14,19:39:22.704,2931,INFO,nova.compute.manager,req-3ea4052c-895d-4b64-9e2d-04d64c4d94ab - - - - -,[instance: 3edec1e4-9678-4a3a-a21b-a145a4ee5e61] During sync_power_state the instance has a pending task (spawning). Skip.,4,<*> During sync_power_state the instance has a pending task (spawning). Skip.,['[instance: 3edec1e4-9678-4a3a-a21b-a145a4ee5e61]']
47,nova-compute.log.2017-05-14_21:27:09,2017-05-14,19:39:22.706,2931,INFO,nova.compute.manager,req-3ea4052c-895d-4b64-9e2d-04d64c4d94ab - - - - -,[instance: 3edec1e4-9678-4a3a-a21b-a145a4ee5e61] VM Resumed (Lifecycle Event),2,<*> VM <*> (Lifecycle Event),"['[instance: 3edec1e4-9678-4a3a-a21b-a145a4ee5e61]', 'Resumed']"
48,nova-compute.log.2017-05-14_21:27:09,2017-05-14,19:39:22.727,2931,INFO,nova.compute.manager,req-e285b551-587f-4c1d-8eba-dceb2673637f 113d3a99c3da401fbd62cc2caa5b96d2 54fadb412c4e40cdbaed9335e4c35a9e - - -,[instance: 3edec1e4-9678-4a3a-a21b-a145a4ee5e61] Took 21.38 seconds to build instance.,11,<*> Took <*>.<*> seconds to build instance.,"['[instance: 3edec1e4-9678-4a3a-a21b-a145a4ee5e61]', '21.38']"
49,nova-compute.log.2017-05-14_21:27:09,2017-05-14,19:39:22.754,2931,INFO,nova.compute.manager,-,[instance: 3edec1e4-9678-4a3a-a21b-a145a4ee5e61] During sync_power_state the instance has a pending task (spawning). Skip.,4,<*> During sync_power_state the instance has a pending task (spawning). Skip.,['[instance: 3edec1e4-9678-4a3a-a21b-a145a4ee5e61]']
50,nova-api.log.2017-05-14_21:27:04,2017-05-14,19:39:23.162,25746,INFO,nova.osapi_compute.wsgi.server,req-0515facd-3b32-465d-a2dc-0c2c09e6d3b9 113d3a99c3da401fbd62cc2caa5b96d2 54fadb412c4e40cdbaed9335e4c35a9e - - -,"10.11.10.1 ""GET /v2/54fadb412c4e40cdbaed9335e4c35a9e/servers/detail HTTP/1.1"" status: 200 len: 1910 time: 0.2813671",0,<*> <*> <*>HTTP<*>status: <*> len: <*> time: <*>.<*>,"['10.11.10.1', '""GET /v2/54fadb412c4e40cdbaed9335e4c35a9e/servers/detail ', '/1.1"" ', '200', '1910', '0.2813671']"
51,nova-api.log.2017-05-14_21:27:04,2017-05-14,19:39:23.451,25746,INFO,nova.osapi_compute.wsgi.server,req-84bfaa8b-23a4-4dc5-9b73-e7a9bf525745 113d3a99c3da401fbd62cc2caa5b96d2 54fadb412c4e40cdbaed9335e4c35a9e - - -,"10.11.10.1 ""GET /v2/54fadb412c4e40cdbaed9335e4c35a9e/servers/detail HTTP/1.1"" status: 200 len: 1910 time: 0.2846580",0,<*> <*> <*>HTTP<*>status: <*> len: <*> time: <*>.<*>,"['10.11.10.1', '""GET /v2/54fadb412c4e40cdbaed9335e4c35a9e/servers/detail ', '/1.1"" ', '200', '1910', '0.2846580']"
52,nova-compute.log.2017-05-14_21:27:09,2017-05-14,19:39:25.671,2931,INFO,nova.virt.libvirt.imagecache,req-addc1839-2ed5-4778-b57e-5854eb7b8b09 - - - - -,image 0673dd71-34c5-4fbb-86c4-40623fbe45b4 at (/var/lib/nova/instances/_base/a489c868f0c37da93b76227c91bb03908ac0e742): checking,5,image <*>dd<*>-<*>c<*>-<*>fbb-<*>c<*>-<*>fbe<*>b<*> at (<*>checking,"['0673', '71-34', '5-4', '86c4', '40623', '45b4', '/var/lib/nova/instances/_base/a489c868f0c37da93b76227c91bb03908ac0e742): ']"
53,nova-compute.log.2017-05-14_21:27:09,2017-05-14,19:39:25.672,2931,INFO,nova.virt.libvirt.imagecache,req-addc1839-2ed5-4778-b57e-5854eb7b8b09 - - - - -,"image 0673dd71-34c5-4fbb-86c4-40623fbe45b4 at (/var/lib/nova/instances/_base/a489c868f0c37da93b76227c91bb03908ac0e742): in use: on this node 1 local, 0 on other nodes sharing this instance storage",6,"image <*>dd<*>-<*>c<*>-<*>fbb-<*>c<*>-<*>fbe<*>b<*> at (<*>in use: on this node <*> local, <*> on other nodes sharing this instance storage","['0673', '71-34', '5-4', '86c4', '40623', '45b4', '/var/lib/nova/instances/_base/a489c868f0c37da93b76227c91bb03908ac0e742): ', '1', '0']"
54,nova-compute.log.2017-05-14_21:27:09,2017-05-14,19:39:25.850,2931,INFO,nova.virt.libvirt.imagecache,req-addc1839-2ed5-4778-b57e-5854eb7b8b09 - - - - -,Active base files: /var/lib/nova/instances/_base/a489c868f0c37da93b76227c91bb03908ac0e742,7,<*> base <*> /var/lib/nova/instances/_base/a<*>c<*>f<*>c<*>da<*>b<*>c<*>bb<*>ac<*>e<*>,"['Active', 'files:', '489c868', '0c37', '93b76227', '91', '03908', '0e742']"
55,nova-api.log.2017-05-14_21:27:04,2017-05-14,19:39:29.061,25799,INFO,nova.metadata.wsgi.server,req-7af179fc-065f-4fc1-af95-57cbdc4fc589 - - - - -,"10.11.11.225,10.11.10.1 ""GET /openstack/2012-08-10/meta_data.json HTTP/1.1"" status: 200 len: 264 time: 0.2246630",0,<*> <*> <*>HTTP<*>status: <*> len: <*> time: <*>.<*>,"['10.11.11.225,10.11.10.1', '""GET /openstack/2012-08-10/meta_data.json ', '/1.1"" ', '200', '264', '0.2246630']"
56,nova-api.log.2017-05-14_21:27:04,2017-05-14,19:39:29.482,25778,INFO,nova.metadata.wsgi.server,req-bc077004-1c52-4c12-8153-2c2ba159896b - - - - -,"10.11.11.225,10.11.10.1 ""GET /openstack/2013-10-17 HTTP/1.1"" status: 200 len: 157 time: 0.4092629",0,<*> <*> <*>HTTP<*>status: <*> len: <*> time: <*>.<*>,"['10.11.11.225,10.11.10.1', '""GET /openstack/2013-10-17 ', '/1.1"" ', '200', '157', '0.4092629']"
57,nova-api.log.2017-05-14_21:27:04,2017-05-14,19:39:29.711,25746,INFO,nova.osapi_compute.wsgi.server,req-d1a646cc-b7b8-4a63-963e-40051488cb7f 113d3a99c3da401fbd62cc2caa5b96d2 54fadb412c4e40cdbaed9335e4c35a9e - - -,"10.11.10.1 ""DELETE /v2/54fadb412c4e40cdbaed9335e4c35a9e/servers/3edec1e4-9678-4a3a-a21b-a145a4ee5e61 HTTP/1.1"" status: 204 len: 203 time: 0.2484462",0,<*> <*> <*>HTTP<*>status: <*> len: <*> time: <*>.<*>,"['10.11.10.1', '""DELETE /v2/54fadb412c4e40cdbaed9335e4c35a9e/servers/3edec1e4-9678-4a3a-a21b-a145a4ee5e61 ', '/1.1"" ', '204', '203', '0.2484462']"
58,nova-api.log.2017-05-14_21:27:04,2017-05-14,19:39:29.734,25788,INFO,nova.metadata.wsgi.server,req-9babc68d-c6e9-4a18-aa95-d9d320f603db - - - - -,"10.11.11.225,10.11.10.1 ""GET /openstack/2013-10-17/vendor_data.json HTTP/1.1"" status: 200 len: 124 time: 0.2405910",0,<*> <*> <*>HTTP<*>status: <*> len: <*> time: <*>.<*>,"['10.11.11.225,10.11.10.1', '""GET /openstack/2013-10-17/vendor_data.json ', '/1.1"" ', '200', '124', '0.2405910']"
59,nova-compute.log.2017-05-14_21:27:09,2017-05-14,19:39:29.743,2931,INFO,nova.compute.manager,req-d1a646cc-b7b8-4a63-963e-40051488cb7f 113d3a99c3da401fbd62cc2caa5b96d2 54fadb412c4e40cdbaed9335e4c35a9e - - -,[instance: 3edec1e4-9678-4a3a-a21b-a145a4ee5e61] Terminating instance,12,<*> Terminating instance,['[instance: 3edec1e4-9678-4a3a-a21b-a145a4ee5e61]']
60,nova-api.log.2017-05-14_21:27:04,2017-05-14,19:39:29.750,25788,INFO,nova.metadata.wsgi.server,-,"10.11.11.225,10.11.10.1 ""GET /openstack/2013-10-17/vendor_data.json HTTP/1.1"" status: 200 len: 124 time: 0.0009141",0,<*> <*> <*>HTTP<*>status: <*> len: <*> time: <*>.<*>,"['10.11.11.225,10.11.10.1', '""GET /openstack/2013-10-17/vendor_data.json ', '/1.1"" ', '200', '124', '0.0009141']"
61,nova-api.log.2017-05-14_21:27:04,2017-05-14,19:39:29.765,25788,INFO,nova.metadata.wsgi.server,-,"10.11.11.225,10.11.10.1 ""GET /openstack/2013-10-17/user_data HTTP/1.1"" status: 404 len: 176 time: 0.0007350",0,<*> <*> <*>HTTP<*>status: <*> len: <*> time: <*>.<*>,"['10.11.11.225,10.11.10.1', '""GET /openstack/2013-10-17/user_data ', '/1.1"" ', '404', '176', '0.0007350']"
62,nova-compute.log.2017-05-14_21:27:09,2017-05-14,19:39:29.959,2931,INFO,nova.virt.libvirt.driver,-,[instance: 3edec1e4-9678-4a3a-a21b-a145a4ee5e61] Instance destroyed successfully.,9,<*> Instance <*> successfully.,"['[instance: 3edec1e4-9678-4a3a-a21b-a145a4ee5e61]', 'destroyed']"
63,nova-api.log.2017-05-14_21:27:04,2017-05-14,19:39:29.984,25746,INFO,nova.osapi_compute.wsgi.server,req-b6fc2264-9889-48b9-933c-0d66b8332f67 113d3a99c3da401fbd62cc2caa5b96d2 54fadb412c4e40cdbaed9335e4c35a9e - - -,"10.11.10.1 ""GET /v2/54fadb412c4e40cdbaed9335e4c35a9e/servers/detail HTTP/1.1"" status: 200 len: 1916 time: 0.2691760",0,<*> <*> <*>HTTP<*>status: <*> len: <*> time: <*>.<*>,"['10.11.10.1', '""GET /v2/54fadb412c4e40cdbaed9335e4c35a9e/servers/detail ', '/1.1"" ', '200', '1916', '0.2691760']"
64,nova-compute.log.2017-05-14_21:27:09,2017-05-14,19:39:30.618,2931,INFO,nova.virt.libvirt.driver,req-d1a646cc-b7b8-4a63-963e-40051488cb7f 113d3a99c3da401fbd62cc2caa5b96d2 54fadb412c4e40cdbaed9335e4c35a9e - - -,[instance: 3edec1e4-9678-4a3a-a21b-a145a4ee5e61] Deleting instance files /var/lib/nova/instances/3edec1e4-9678-4a3a-a21b-a145a4ee5e61_del,13,<*> Deleting instance files <*>,"['[instance: 3edec1e4-9678-4a3a-a21b-a145a4ee5e61]', '/var/lib/nova/instances/3edec1e4-9678-4a3a-a21b-a145a4ee5e61_del']"
65,nova-compute.log.2017-05-14_21:27:09,2017-05-14,19:39:30.621,2931,INFO,nova.virt.libvirt.driver,req-d1a646cc-b7b8-4a63-963e-40051488cb7f 113d3a99c3da401fbd62cc2caa5b96d2 54fadb412c4e40cdbaed9335e4c35a9e - - -,[instance: 3edec1e4-9678-4a3a-a21b-a145a4ee5e61] Deletion of /var/lib/nova/instances/3edec1e4-9678-4a3a-a21b-a145a4ee5e61_del complete,14,<*> Deletion of <*>complete,"['[instance: 3edec1e4-9678-4a3a-a21b-a145a4ee5e61]', '/var/lib/nova/instances/3edec1e4-9678-4a3a-a21b-a145a4ee5e61_del ']"
66,nova-compute.log.2017-05-14_21:27:09,2017-05-14,19:39:30.734,2931,INFO,nova.compute.manager,req-d1a646cc-b7b8-4a63-963e-40051488cb7f 113d3a99c3da401fbd62cc2caa5b96d2 54fadb412c4e40cdbaed9335e4c35a9e - - -,[instance: 3edec1e4-9678-4a3a-a21b-a145a4ee5e61] Took 0.99 seconds to destroy the instance on the hypervisor.,10,<*> Took <*>.<*> seconds to <*> the instance on the hypervisor.,"['[instance: 3edec1e4-9678-4a3a-a21b-a145a4ee5e61]', '0.99', 'destroy']"
67,nova-compute.log.2017-05-14_21:27:09,2017-05-14,19:39:30.907,2931,INFO,nova.virt.libvirt.imagecache,req-addc1839-2ed5-4778-b57e-5854eb7b8b09 - - - - -,image 0673dd71-34c5-4fbb-86c4-40623fbe45b4 at (/var/lib/nova/instances/_base/a489c868f0c37da93b76227c91bb03908ac0e742): checking,5,image <*>dd<*>-<*>c<*>-<*>fbb-<*>c<*>-<*>fbe<*>b<*> at (<*>checking,"['0673', '71-34', '5-4', '86c4', '40623', '45b4', '/var/lib/nova/instances/_base/a489c868f0c37da93b76227c91bb03908ac0e742): ']"
68,nova-compute.log.2017-05-14_21:27:09,2017-05-14,19:39:30.909,2931,INFO,nova.virt.libvirt.imagecache,req-addc1839-2ed5-4778-b57e-5854eb7b8b09 - - - - -,"image 0673dd71-34c5-4fbb-86c4-40623fbe45b4 at (/var/lib/nova/instances/_base/a489c868f0c37da93b76227c91bb03908ac0e742): in use: on this node 1 local, 0 on other nodes sharing this instance storage",6,"image <*>dd<*>-<*>c<*>-<*>fbb-<*>c<*>-<*>fbe<*>b<*> at (<*>in use: on this node <*> local, <*> on other nodes sharing this instance storage","['0673', '71-34', '5-4', '86c4', '40623', '45b4', '/var/lib/nova/instances/_base/a489c868f0c37da93b76227c91bb03908ac0e742): ', '1', '0']"
69,nova-compute.log.2017-05-14_21:27:09,2017-05-14,19:39:31.014,2931,INFO,nova.virt.libvirt.imagecache,req-addc1839-2ed5-4778-b57e-5854eb7b8b09 - - - - -,Active base files: /var/lib/nova/instances/_base/a489c868f0c37da93b76227c91bb03908ac0e742,7,<*> base <*> /var/lib/nova/instances/_base/a<*>c<*>f<*>c<*>da<*>b<*>c<*>bb<*>ac<*>e<*>,"['Active', 'files:', '489c868', '0c37', '93b76227', '91', '03908', '0e742']"
70,nova-compute.log.2017-05-14_21:27:09,2017-05-14,19:39:31.201,2931,INFO,nova.compute.manager,req-d1a646cc-b7b8-4a63-963e-40051488cb7f 113d3a99c3da401fbd62cc2caa5b96d2 54fadb412c4e40cdbaed9335e4c35a9e - - -,[instance: 3edec1e4-9678-4a3a-a21b-a145a4ee5e61] Took 0.47 seconds to deallocate network for instance.,15,<*> Took <*>.<*> seconds to deallocate network for instance.,"['[instance: 3edec1e4-9678-4a3a-a21b-a145a4ee5e61]', '0.47']"
71,nova-api.log.2017-05-14_21:27:04,2017-05-14,19:39:31.203,25746,INFO,nova.osapi_compute.wsgi.server,req-2f8c2ebb-557f-4682-872b-5dfa4ff671d8 113d3a99c3da401fbd62cc2caa5b96d2 54fadb412c4e40cdbaed9335e4c35a9e - - -,"10.11.10.1 ""GET /v2/54fadb412c4e40cdbaed9335e4c35a9e/servers/detail HTTP/1.1"" status: 200 len: 1874 time: 0.2135880",0,<*> <*> <*>HTTP<*>status: <*> len: <*> time: <*>.<*>,"['10.11.10.1', '""GET /v2/54fadb412c4e40cdbaed9335e4c35a9e/servers/detail ', '/1.1"" ', '200', '1874', '0.2135880']"
72,nova-api.log.2017-05-14_21:27:04,2017-05-14,19:39:32.305,25746,INFO,nova.osapi_compute.wsgi.server,req-166eb10c-859e-4035-ae75-9edf7135e245 113d3a99c3da401fbd62cc2caa5b96d2 54fadb412c4e40cdbaed9335e4c35a9e - - -,"10.11.10.1 ""GET /v2/54fadb412c4e40cdbaed9335e4c35a9e/servers/detail HTTP/1.1"" status: 200 len: 211 time: 0.0953460",0,<*> <*> <*>HTTP<*>status: <*> len: <*> time: <*>.<*>,"['10.11.10.1', '""GET /v2/54fadb412c4e40cdbaed9335e4c35a9e/servers/detail ', '/1.1"" ', '200', '211', '0.0953460']"
73,nova-api.log.2017-05-14_21:27:04,2017-05-14,19:39:33.233,25746,INFO,nova.api.openstack.wsgi,req-3d0b9329-15c3-48ea-8740-f960aaf7465e f7b8d1f1d4d44643b07fa10ca7d021fb e9746973ac574c6b8a9e8857f56a7608 - - -,HTTP exception thrown: No instances found for any event,16,HTTP exception thrown: No instances found for any event,[]
74,nova-api.log.2017-05-14_21:27:04,2017-05-14,19:39:33.234,25746,INFO,nova.osapi_compute.wsgi.server,req-3d0b9329-15c3-48ea-8740-f960aaf7465e f7b8d1f1d4d44643b07fa10ca7d021fb e9746973ac574c6b8a9e8857f56a7608 - - -,"10.11.10.1 ""POST /v2/e9746973ac574c6b8a9e8857f56a7608/os-server-external-events HTTP/1.1"" status: 404 len: 296 time: 0.0876019",0,<*> <*> <*>HTTP<*>status: <*> len: <*> time: <*>.<*>,"['10.11.10.1', '""POST /v2/e9746973ac574c6b8a9e8857f56a7608/os-server-external-events ', '/1.1"" ', '404', '296', '0.0876019']"
75,nova-compute.log.2017-05-14_21:27:09,2017-05-14,19:39:36.041,2931,WARNING,nova.virt.libvirt.imagecache,req-addc1839-2ed5-4778-b57e-5854eb7b8b09 - - - - -,Unknown base file: /var/lib/nova/instances/_base/a489c868f0c37da93b76227c91bb03908ac0e742,7,<*> base <*> /var/lib/nova/instances/_base/a<*>c<*>f<*>c<*>da<*>b<*>c<*>bb<*>ac<*>e<*>,"['Unknown', 'file:', '489c868', '0c37', '93b76227', '91', '03908', '0e742']"
76,nova-compute.log.2017-05-14_21:27:09,2017-05-14,19:39:36.042,2931,INFO,nova.virt.libvirt.imagecache,req-addc1839-2ed5-4778-b57e-5854eb7b8b09 - - - - -,Removable base files: /var/lib/nova/instances/_base/a489c868f0c37da93b76227c91bb03908ac0e742,7,<*> base <*> /var/lib/nova/instances/_base/a<*>c<*>f<*>c<*>da<*>b<*>c<*>bb<*>ac<*>e<*>,"['Removable', 'files:', '489c868', '0c37', '93b76227', '91', '03908', '0e742']"
77,nova-compute.log.2017-05-14_21:27:09,2017-05-14,19:39:36.043,2931,INFO,nova.virt.libvirt.imagecache,req-addc1839-2ed5-4778-b57e-5854eb7b8b09 - - - - -,Removing base or swap file: /var/lib/nova/instances/_base/a489c868f0c37da93b76227c91bb03908ac0e742,17,Removing base or swap file: /var/lib/nova/instances/_base/a<*>c<*>f<*>c<*>da<*>b<*>c<*>bb<*>ac<*>e<*>,"['489c868', '0c37', '93b76227', '91', '03908', '0e742']"
78,nova-api.log.2017-05-14_21:27:04,2017-05-14,19:39:42.807,25746,INFO,nova.osapi_compute.wsgi.server,req-74d58b45-ade6-4af8-97ea-67d6c7d66e03 113d3a99c3da401fbd62cc2caa5b96d2 54fadb412c4e40cdbaed9335e4c35a9e - - -,"10.11.10.1 ""POST /v2/54fadb412c4e40cdbaed9335e4c35a9e/servers HTTP/1.1"" status: 202 len: 733 time: 0.4893100",0,<*> <*> <*>HTTP<*>status: <*> len: <*> time: <*>.<*>,"['10.11.10.1', '""POST /v2/54fadb412c4e40cdbaed9335e4c35a9e/servers ', '/1.1"" ', '202', '733', '0.4893100']"
79,nova-api.log.2017-05-14_21:27:04,2017-05-14,19:39:43.009,25746,INFO,nova.osapi_compute.wsgi.server,req-52f61dfe-f0ef-4ff1-85ac-31d9fdf09fff 113d3a99c3da401fbd62cc2caa5b96d2 54fadb412c4e40cdbaed9335e4c35a9e - - -,"10.11.10.1 ""GET /v2/54fadb412c4e40cdbaed9335e4c35a9e/servers/detail HTTP/1.1"" status: 200 len: 1583 time: 0.1995330",0,<*> <*> <*>HTTP<*>status: <*> len: <*> time: <*>.<*>,"['10.11.10.1', '""GET /v2/54fadb412c4e40cdbaed9335e4c35a9e/servers/detail ', '/1.1"" ', '200', '1583', '0.1995330']"
80,nova-compute.log.2017-05-14_21:27:09,2017-05-14,19:39:43.091,2931,INFO,nova.compute.claims,req-74d58b45-ade6-4af8-97ea-67d6c7d66e03 113d3a99c3da401fbd62cc2caa5b96d2 54fadb412c4e40cdbaed9335e4c35a9e - - -,"[instance: 3416d0fa-6f0f-41ce-9c0a-59ae9a735da8] Attempting claim: memory 2048 MB, disk 20 GB, vcpus 1 CPU",18,"<*> Attempting claim: memory <*> MB, disk <*> GB, vcpus <*> CPU","['[instance: 3416d0fa-6f0f-41ce-9c0a-59ae9a735da8]', '2048', '20', '1']"
81,nova-compute.log.2017-05-14_21:27:09,2017-05-14,19:39:43.092,2931,INFO,nova.compute.claims,req-74d58b45-ade6-4af8-97ea-67d6c7d66e03 113d3a99c3da401fbd62cc2caa5b96d2 54fadb412c4e40cdbaed9335e4c35a9e - - -,"[instance: 3416d0fa-6f0f-41ce-9c0a-59ae9a735da8] Total memory: 64172 MB, used: 512.00 MB",19,"<*> <*> <*> <*> MB, <*> <*>.<*> MB","['[instance:', '3416d0fa-6f0f-41ce-9c0a-59ae9a735da8] Total memory: 64172', 'used: 512', '00']"
82,nova-compute.log.2017-05-14_21:27:09,2017-05-14,19:39:43.092,2931,INFO,nova.compute.claims,req-74d58b45-ade6-4af8-97ea-67d6c7d66e03 113d3a99c3da401fbd62cc2caa5b96d2 54fadb412c4e40cdbaed9335e4c35a9e - - -,"[instance: 3416d0fa-6f0f-41ce-9c0a-59ae9a735da8] memory limit: 96258.00 MB, free: 95746.00 MB",19,"<*> <*> <*> <*> MB, <*> <*>.<*> MB","['[instance:', '3416d0fa-6f0f-41ce-9c0a-59ae9a735da8] memory limit: 96258.00', 'free: 95746', '00']"
83,nova-compute.log.2017-05-14_21:27:09,2017-05-14,19:39:43.092,2931,INFO,nova.compute.claims,req-74d58b45-ade6-4af8-97ea-67d6c7d66e03 113d3a99c3da401fbd62cc2caa5b96d2 54fadb412c4e40cdbaed9335e4c35a9e - - -,"[instance: 3416d0fa-6f0f-41ce-9c0a-59ae9a735da8] Total disk: 15 GB, used: 0.00 GB",20,<*> Total <*> <*> <*> used: <*>.<*> <*>,"['[instance: 3416d0fa-6f0f-41ce-9c0a-59ae9a735da8]', 'disk:', '15 GB,', '0.00', 'GB']"
84,nova-compute.log.2017-05-14_21:27:09,2017-05-14,19:39:43.093,2931,INFO,nova.compute.claims,req-74d58b45-ade6-4af8-97ea-67d6c7d66e03 113d3a99c3da401fbd62cc2caa5b96d2 54fadb412c4e40cdbaed9335e4c35a9e - - -,"[instance: 3416d0fa-6f0f-41ce-9c0a-59ae9a735da8] disk limit not specified, defaulting to unlimited",21,"<*> <*> limit not specified, defaulting to unlimited",['[instance: 3416d0fa-6f0f-41ce-9c0a-59ae9a735da8] disk']
85,nova-compute.log.2017-05-14_21:27:09,2017-05-14,19:39:43.093,2931,INFO,nova.compute.claims,req-74d58b45-ade6-4af8-97ea-67d6c7d66e03 113d3a99c3da401fbd62cc2caa5b96d2 54fadb412c4e40cdbaed9335e4c35a9e - - -,"[instance: 3416d0fa-6f0f-41ce-9c0a-59ae9a735da8] Total vcpu: 16 VCPU, used: 0.00 VCPU",20,<*> Total <*> <*> <*> used: <*>.<*> <*>,"['[instance: 3416d0fa-6f0f-41ce-9c0a-59ae9a735da8]', 'vcpu:', '16 VCPU,', '0.00', 'VCPU']"
86,nova-compute.log.2017-05-14_21:27:09,2017-05-14,19:39:43.094,2931,INFO,nova.compute.claims,req-74d58b45-ade6-4af8-97ea-67d6c7d66e03 113d3a99c3da401fbd62cc2caa5b96d2 54fadb412c4e40cdbaed9335e4c35a9e - - -,"[instance: 3416d0fa-6f0f-41ce-9c0a-59ae9a735da8] vcpu limit not specified, defaulting to unlimited",21,"<*> <*> limit not specified, defaulting to unlimited",['[instance: 3416d0fa-6f0f-41ce-9c0a-59ae9a735da8] vcpu']
87,nova-compute.log.2017-05-14_21:27:09,2017-05-14,19:39:43.134,2931,INFO,nova.compute.claims,req-74d58b45-ade6-4af8-97ea-67d6c7d66e03 113d3a99c3da401fbd62cc2caa5b96d2 54fadb412c4e40cdbaed9335e4c35a9e - - -,[instance: 3416d0fa-6f0f-41ce-9c0a-59ae9a735da8] Claim successful,22,<*> Claim successful,['[instance: 3416d0fa-6f0f-41ce-9c0a-59ae9a735da8]']
88,nova-api.log.2017-05-14_21:27:04,2017-05-14,19:39:43.223,25746,INFO,nova.osapi_compute.wsgi.server,req-c27a9daa-3bbc-498a-baf4-f0b3bc5cfddc 113d3a99c3da401fbd62cc2caa5b96d2 54fadb412c4e40cdbaed9335e4c35a9e - - -,"10.11.10.1 ""GET /v2/54fadb412c4e40cdbaed9335e4c35a9e/servers/detail HTTP/1.1"" status: 200 len: 1575 time: 0.2078710",0,<*> <*> <*>HTTP<*>status: <*> len: <*> time: <*>.<*>,"['10.11.10.1', '""GET /v2/54fadb412c4e40cdbaed9335e4c35a9e/servers/detail ', '/1.1"" ', '200', '1575', '0.2078710']"
89,nova-api.log.2017-05-14_21:27:04,2017-05-14,19:39:43.420,25746,INFO,nova.osapi_compute.wsgi.server,req-647b4591-b16f-4531-884c-9d4cfe78d93d 113d3a99c3da401fbd62cc2caa5b96d2 54fadb412c4e40cdbaed9335e4c35a9e - - -,"10.11.10.1 ""GET /v2/54fadb412c4e40cdbaed9335e4c35a9e/servers/3416d0fa-6f0f-41ce-9c0a-59ae9a735da8 HTTP/1.1"" status: 200 len: 1708 time: 0.1938121",0,<*> <*> <*>HTTP<*>status: <*> len: <*> time: <*>.<*>,"['10.11.10.1', '""GET /v2/54fadb412c4e40cdbaed9335e4c35a9e/servers/3416d0fa-6f0f-41ce-9c0a-59ae9a735da8 ', '/1.1"" ', '200', '1708', '0.1938121']"
90,nova-compute.log.2017-05-14_21:27:09,2017-05-14,19:39:43.735,2931,INFO,nova.virt.libvirt.driver,req-74d58b45-ade6-4af8-97ea-67d6c7d66e03 113d3a99c3da401fbd62cc2caa5b96d2 54fadb412c4e40cdbaed9335e4c35a9e - - -,[instance: 3416d0fa-6f0f-41ce-9c0a-59ae9a735da8] Creating image,1,<*> Creating image,['[instance: 3416d0fa-6f0f-41ce-9c0a-59ae9a735da8]']
91,nova-api.log.2017-05-14_21:27:04,2017-05-14,19:39:44.706,25746,INFO,nova.osapi_compute.wsgi.server,req-a9850eea-3d7f-4ab3-94db-14f83c98fa27 113d3a99c3da401fbd62cc2caa5b96d2 54fadb412c4e40cdbaed9335e4c35a9e - - -,"10.11.10.1 ""GET /v2/54fadb412c4e40cdbaed9335e4c35a9e/servers/detail HTTP/1.1"" status: 200 len: 1759 time: 0.2805400",0,<*> <*> <*>HTTP<*>status: <*> len: <*> time: <*>.<*>,"['10.11.10.1', '""GET /v2/54fadb412c4e40cdbaed9335e4c35a9e/servers/detail ', '/1.1"" ', '200', '1759', '0.2805400']"
92,nova-compute.log.2017-05-14_21:27:09,2017-05-14,19:39:44.956,2931,INFO,nova.compute.manager,-,[instance: 3edec1e4-9678-4a3a-a21b-a145a4ee5e61] VM Stopped (Lifecycle Event),2,<*> VM <*> (Lifecycle Event),"['[instance: 3edec1e4-9678-4a3a-a21b-a145a4ee5e61]', 'Stopped']"
93,nova-api.log.2017-05-14_21:27:04,2017-05-14,19:39:44.975,25746,INFO,nova.osapi_compute.wsgi.server,req-21dc7a7d-fe5c-4ed1-9f68-2765dea5ced1 113d3a99c3da401fbd62cc2caa5b96d2 54fadb412c4e40cdbaed9335e4c35a9e - - -,"10.11.10.1 ""GET /v2/54fadb412c4e40cdbaed9335e4c35a9e/servers/detail HTTP/1.1"" status: 200 len: 1759 time: 0.2646549",0,<*> <*> <*>HTTP<*>status: <*> len: <*> time: <*>.<*>,"['10.11.10.1', '""GET /v2/54fadb412c4e40cdbaed9335e4c35a9e/servers/detail ', '/1.1"" ', '200', '1759', '0.2646549']"
94,nova-api.log.2017-05-14_21:27:04,2017-05-14,19:39:46.239,25746,INFO,nova.osapi_compute.wsgi.server,req-b2d4b89d-8f48-498d-8c6f-305e03c4cea4 113d3a99c3da401fbd62cc2caa5b96d2 54fadb412c4e40cdbaed9335e4c35a9e - - -,"10.11.10.1 ""GET /v2/54fadb412c4e40cdbaed9335e4c35a9e/servers/detail HTTP/1.1"" status: 200 len: 1893 time: 0.2590849",0,<*> <*> <*>HTTP<*>status: <*> len: <*> time: <*>.<*>,"['10.11.10.1', '""GET /v2/54fadb412c4e40cdbaed9335e4c35a9e/servers/detail ', '/1.1"" ', '200', '1893', '0.2590849']"
95,nova-api.log.2017-05-14_21:27:04,2017-05-14,19:39:46.484,25746,INFO,nova.osapi_compute.wsgi.server,req-c176218f-f7b8-4223-a60a-1fb604ffc18d 113d3a99c3da401fbd62cc2caa5b96d2 54fadb412c4e40cdbaed9335e4c35a9e - - -,"10.11.10.1 ""GET /v2/54fadb412c4e40cdbaed9335e4c35a9e/servers/detail HTTP/1.1"" status: 200 len: 1893 time: 0.2408779",0,<*> <*> <*>HTTP<*>status: <*> len: <*> time: <*>.<*>,"['10.11.10.1', '""GET /v2/54fadb412c4e40cdbaed9335e4c35a9e/servers/detail ', '/1.1"" ', '200', '1893', '0.2408779']"
96,nova-api.log.2017-05-14_21:27:04,2017-05-14,19:39:47.762,25746,INFO,nova.osapi_compute.wsgi.server,req-f8b39a1c-2a31-4e74-ac64-44cd3640252c 113d3a99c3da401fbd62cc2caa5b96d2 54fadb412c4e40cdbaed9335e4c35a9e - - -,"10.11.10.1 ""GET /v2/54fadb412c4e40cdbaed9335e4c35a9e/servers/detail HTTP/1.1"" status: 200 len: 1893 time: 0.2733018",0,<*> <*> <*>HTTP<*>status: <*> len: <*> time: <*>.<*>,"['10.11.10.1', '""GET /v2/54fadb412c4e40cdbaed9335e4c35a9e/servers/detail ', '/1.1"" ', '200', '1893', '0.2733018']"
97,nova-api.log.2017-05-14_21:27:04,2017-05-14,19:39:48.036,25746,INFO,nova.osapi_compute.wsgi.server,req-d4926650-92b3-4d75-9e76-8e32ba96212f 113d3a99c3da401fbd62cc2caa5b96d2 54fadb412c4e40cdbaed9335e4c35a9e - - -,"10.11.10.1 ""GET /v2/54fadb412c4e40cdbaed9335e4c35a9e/servers/detail HTTP/1.1"" status: 200 len: 1893 time: 0.2705908",0,<*> <*> <*>HTTP<*>status: <*> len: <*> time: <*>.<*>,"['10.11.10.1', '""GET /v2/54fadb412c4e40cdbaed9335e4c35a9e/servers/detail ', '/1.1"" ', '200', '1893', '0.2705908']"
98,nova-compute.log.2017-05-14_21:27:09,2017-05-14,19:39:48.129,2931,INFO,nova.compute.resource_tracker,req-addc1839-2ed5-4778-b57e-5854eb7b8b09 - - - - -,Auditing locally available compute resources for node cp-1.slowvm1.tcloud-pg0.utah.cloudlab.us,23,Auditing locally available compute resources for node cp-<*>.slowvm<*>.tcloud-pg<*>.utah.cloudlab.us,"['1', '1', '0']"
99,nova-compute.log.2017-05-14_21:27:09,2017-05-14,19:39:48.453,2931,INFO,nova.compute.resource_tracker,req-addc1839-2ed5-4778-b57e-5854eb7b8b09 - - - - -,"Total usable vcpus: 16, total allocated vcpus: 1",24,"Total usable vcpus: <*>, total allocated vcpus: <*>","['16', '1']"
100,nova-compute.log.2017-05-14_21:27:09,2017-05-14,19:39:48.454,2931,INFO,nova.compute.resource_tracker,req-addc1839-2ed5-4778-b57e-5854eb7b8b09 - - - - -,Final resource view: name=cp-1.slowvm1.tcloud-pg0.utah.cloudlab.us phys_ram=64172MB used_ram=2560MB phys_disk=15GB used_disk=20GB total_vcpus=16 used_vcpus=1 pci_stats=[],25,Final resource view: name=cp-<*>.slowvm<*>.tcloud-pg<*>.utah.cloudlab.us phys_ram=<*>MB used_ram=<*>MB phys_disk=<*>GB used_disk=<*>GB total_vcpus=<*> used_vcpus=<*> pci_stats=<*>,"['1', '1', '0', '64172', '2560', '15', '20', '16', '1', '[]']"
101,nova-compute.log.2017-05-14_21:27:09,2017-05-14,19:39:48.510,2931,INFO,nova.compute.resource_tracker,req-addc1839-2ed5-4778-b57e-5854eb7b8b09 - - - - -,Compute_service record updated for cp-1.slowvm1.tcloud-pg0.utah.cloudlab.us:cp-1.slowvm1.tcloud-pg0.utah.cloudlab.us,26,Compute_service record updated for cp-<*>.slowvm<*>.tcloud-pg<*>.utah.cloudlab.us:cp-<*>.slowvm<*>.tcloud-pg<*>.utah.cloudlab.us,"['1', '1', '0', '1', '1', '0']"
102,nova-api.log.2017-05-14_21:27:04,2017-05-14,19:39:49.308,25746,INFO,nova.osapi_compute.wsgi.server,req-9f9964f3-1bab-42de-9e2c-03bb4043f450 113d3a99c3da401fbd62cc2caa5b96d2 54fadb412c4e40cdbaed9335e4c35a9e - - -,"10.11.10.1 ""GET /v2/54fadb412c4e40cdbaed9335e4c35a9e/servers/detail HTTP/1.1"" status: 200 len: 1893 time: 0.2652228",0,<*> <*> <*>HTTP<*>status: <*> len: <*> time: <*>.<*>,"['10.11.10.1', '""GET /v2/54fadb412c4e40cdbaed9335e4c35a9e/servers/detail ', '/1.1"" ', '200', '1893', '0.2652228']"
103,nova-api.log.2017-05-14_21:27:04,2017-05-14,19:39:49.559,25746,INFO,nova.osapi_compute.wsgi.server,req-f685306e-5d26-4f1b-8e7d-bf5a1997e560 113d3a99c3da401fbd62cc2caa5b96d2 54fadb412c4e40cdbaed9335e4c35a9e - - -,"10.11.10.1 ""GET /v2/54fadb412c4e40cdbaed9335e4c35a9e/servers/detail HTTP/1.1"" status: 200 len: 1893 time: 0.2466261",0,<*> <*> <*>HTTP<*>status: <*> len: <*> time: <*>.<*>,"['10.11.10.1', '""GET /v2/54fadb412c4e40cdbaed9335e4c35a9e/servers/detail ', '/1.1"" ', '200', '1893', '0.2466261']"
104,nova-api.log.2017-05-14_21:27:04,2017-05-14,19:39:50.840,25746,INFO,nova.osapi_compute.wsgi.server,req-c2305fcc-81bf-4f71-8150-76a7a9b253ab 113d3a99c3da401fbd62cc2caa5b96d2 54fadb412c4e40cdbaed9335e4c35a9e - - -,"10.11.10.1 ""GET /v2/54fadb412c4e40cdbaed9335e4c35a9e/servers/detail HTTP/1.1"" status: 200 len: 1893 time: 0.2742069",0,<*> <*> <*>HTTP<*>status: <*> len: <*> time: <*>.<*>,"['10.11.10.1', '""GET /v2/54fadb412c4e40cdbaed9335e4c35a9e/servers/detail ', '/1.1"" ', '200', '1893', '0.2742069']"
105,nova-api.log.2017-05-14_21:27:04,2017-05-14,19:39:51.109,25746,INFO,nova.osapi_compute.wsgi.server,req-5ca4f106-e4a2-4ce1-bacf-cf4af3dc634b 113d3a99c3da401fbd62cc2caa5b96d2 54fadb412c4e40cdbaed9335e4c35a9e - - -,"10.11.10.1 ""GET /v2/54fadb412c4e40cdbaed9335e4c35a9e/servers/detail HTTP/1.1"" status: 200 len: 1893 time: 0.2659700",0,<*> <*> <*>HTTP<*>status: <*> len: <*> time: <*>.<*>,"['10.11.10.1', '""GET /v2/54fadb412c4e40cdbaed9335e4c35a9e/servers/detail ', '/1.1"" ', '200', '1893', '0.2659700']"
106,nova-api.log.2017-05-14_21:27:04,2017-05-14,19:39:52.386,25746,INFO,nova.osapi_compute.wsgi.server,req-eda313ef-9bb0-47cf-8876-249f4b111840 113d3a99c3da401fbd62cc2caa5b96d2 54fadb412c4e40cdbaed9335e4c35a9e - - -,"10.11.10.1 ""GET /v2/54fadb412c4e40cdbaed9335e4c35a9e/servers/detail HTTP/1.1"" status: 200 len: 1893 time: 0.2712119",0,<*> <*> <*>HTTP<*>status: <*> len: <*> time: <*>.<*>,"['10.11.10.1', '""GET /v2/54fadb412c4e40cdbaed9335e4c35a9e/servers/detail ', '/1.1"" ', '200', '1893', '0.2712119']"
107,nova-api.log.2017-05-14_21:27:04,2017-05-14,19:39:52.649,25746,INFO,nova.osapi_compute.wsgi.server,req-cf1740ce-4eae-4717-8671-1e6fb09fc5b9 113d3a99c3da401fbd62cc2caa5b96d2 54fadb412c4e40cdbaed9335e4c35a9e - - -,"10.11.10.1 ""GET /v2/54fadb412c4e40cdbaed9335e4c35a9e/servers/detail HTTP/1.1"" status: 200 len: 1893 time: 0.2590652",0,<*> <*> <*>HTTP<*>status: <*> len: <*> time: <*>.<*>,"['10.11.10.1', '""GET /v2/54fadb412c4e40cdbaed9335e4c35a9e/servers/detail ', '/1.1"" ', '200', '1893', '0.2590652']"
108,nova-api.log.2017-05-14_21:27:04,2017-05-14,19:39:53.921,25746,INFO,nova.osapi_compute.wsgi.server,req-e9b049e6-a1ce-44b7-ada1-d6843cc049b3 113d3a99c3da401fbd62cc2caa5b96d2 54fadb412c4e40cdbaed9335e4c35a9e - - -,"10.11.10.1 ""GET /v2/54fadb412c4e40cdbaed9335e4c35a9e/servers/detail HTTP/1.1"" status: 200 len: 1893 time: 0.2666640",0,<*> <*> <*>HTTP<*>status: <*> len: <*> time: <*>.<*>,"['10.11.10.1', '""GET /v2/54fadb412c4e40cdbaed9335e4c35a9e/servers/detail ', '/1.1"" ', '200', '1893', '0.2666640']"
109,nova-api.log.2017-05-14_21:27:04,2017-05-14,19:39:54.173,25746,INFO,nova.osapi_compute.wsgi.server,req-84545c59-81bf-4d88-a053-927e16f8bd73 113d3a99c3da401fbd62cc2caa5b96d2 54fadb412c4e40cdbaed9335e4c35a9e - - -,"10.11.10.1 ""GET /v2/54fadb412c4e40cdbaed9335e4c35a9e/servers/detail HTTP/1.1"" status: 200 len: 1893 time: 0.2473130",0,<*> <*> <*>HTTP<*>status: <*> len: <*> time: <*>.<*>,"['10.11.10.1', '""GET /v2/54fadb412c4e40cdbaed9335e4c35a9e/servers/detail ', '/1.1"" ', '200', '1893', '0.2473130']"
110,nova-compute.log.2017-05-14_21:27:09,2017-05-14,19:39:55.217,2931,INFO,nova.virt.libvirt.imagecache,req-addc1839-2ed5-4778-b57e-5854eb7b8b09 - - - - -,image 0673dd71-34c5-4fbb-86c4-40623fbe45b4 at (/var/lib/nova/instances/_base/a489c868f0c37da93b76227c91bb03908ac0e742): checking,5,image <*>dd<*>-<*>c<*>-<*>fbb-<*>c<*>-<*>fbe<*>b<*> at (<*>checking,"['0673', '71-34', '5-4', '86c4', '40623', '45b4', '/var/lib/nova/instances/_base/a489c868f0c37da93b76227c91bb03908ac0e742): ']"
111,nova-compute.log.2017-05-14_21:27:09,2017-05-14,19:39:55.218,2931,INFO,nova.virt.libvirt.imagecache,req-addc1839-2ed5-4778-b57e-5854eb7b8b09 - - - - -,"image 0673dd71-34c5-4fbb-86c4-40623fbe45b4 at (/var/lib/nova/instances/_base/a489c868f0c37da93b76227c91bb03908ac0e742): in use: on this node 1 local, 0 on other nodes sharing this instance storage",6,"image <*>dd<*>-<*>c<*>-<*>fbb-<*>c<*>-<*>fbe<*>b<*> at (<*>in use: on this node <*> local, <*> on other nodes sharing this instance storage","['0673', '71-34', '5-4', '86c4', '40623', '45b4', '/var/lib/nova/instances/_base/a489c868f0c37da93b76227c91bb03908ac0e742): ', '1', '0']"
112,nova-compute.log.2017-05-14_21:27:09,2017-05-14,19:39:55.410,2931,INFO,nova.virt.libvirt.imagecache,req-addc1839-2ed5-4778-b57e-5854eb7b8b09 - - - - -,Active base files: /var/lib/nova/instances/_base/a489c868f0c37da93b76227c91bb03908ac0e742,7,<*> base <*> /var/lib/nova/instances/_base/a<*>c<*>f<*>c<*>da<*>b<*>c<*>bb<*>ac<*>e<*>,"['Active', 'files:', '489c868', '0c37', '93b76227', '91', '03908', '0e742']"
113,nova-api.log.2017-05-14_21:27:04,2017-05-14,19:39:55.446,25746,INFO,nova.osapi_compute.wsgi.server,req-dfb50169-bef5-489a-baf1-90505c47ed67 113d3a99c3da401fbd62cc2caa5b96d2 54fadb412c4e40cdbaed9335e4c35a9e - - -,"10.11.10.1 ""GET /v2/54fadb412c4e40cdbaed9335e4c35a9e/servers/detail HTTP/1.1"" status: 200 len: 1893 time: 0.2682672",0,<*> <*> <*>HTTP<*>status: <*> len: <*> time: <*>.<*>,"['10.11.10.1', '""GET /v2/54fadb412c4e40cdbaed9335e4c35a9e/servers/detail ', '/1.1"" ', '200', '1893', '0.2682672']"
114,nova-api.log.2017-05-14_21:27:04,2017-05-14,19:39:55.714,25746,INFO,nova.osapi_compute.wsgi.server,req-9ea32bf6-7148-4104-89da-73efffa34b47 113d3a99c3da401fbd62cc2caa5b96d2 54fadb412c4e40cdbaed9335e4c35a9e - - -,"10.11.10.1 ""GET /v2/54fadb412c4e40cdbaed9335e4c35a9e/servers/detail HTTP/1.1"" status: 200 len: 1893 time: 0.2639551",0,<*> <*> <*>HTTP<*>status: <*> len: <*> time: <*>.<*>,"['10.11.10.1', '""GET /v2/54fadb412c4e40cdbaed9335e4c35a9e/servers/detail ', '/1.1"" ', '200', '1893', '0.2639551']"
115,nova-compute.log.2017-05-14_21:27:09,2017-05-14,19:39:56.544,2931,INFO,nova.compute.manager,req-3ea4052c-895d-4b64-9e2d-04d64c4d94ab - - - - -,[instance: 3416d0fa-6f0f-41ce-9c0a-59ae9a735da8] VM Started (Lifecycle Event),2,<*> VM <*> (Lifecycle Event),"['[instance: 3416d0fa-6f0f-41ce-9c0a-59ae9a735da8]', 'Started']"
116,nova-compute.log.2017-05-14_21:27:09,2017-05-14,19:39:56.614,2931,INFO,nova.compute.manager,req-3ea4052c-895d-4b64-9e2d-04d64c4d94ab - - - - -,[instance: 3416d0fa-6f0f-41ce-9c0a-59ae9a735da8] VM Paused (Lifecycle Event),2,<*> VM <*> (Lifecycle Event),"['[instance: 3416d0fa-6f0f-41ce-9c0a-59ae9a735da8]', 'Paused']"
117,nova-compute.log.2017-05-14_21:27:09,2017-05-14,19:39:56.727,2931,INFO,nova.compute.manager,req-3ea4052c-895d-4b64-9e2d-04d64c4d94ab - - - - -,[instance: 3416d0fa-6f0f-41ce-9c0a-59ae9a735da8] During sync_power_state the instance has a pending task (spawning). Skip.,4,<*> During sync_power_state the instance has a pending task (spawning). Skip.,['[instance: 3416d0fa-6f0f-41ce-9c0a-59ae9a735da8]']
118,nova-api.log.2017-05-14_21:27:04,2017-05-14,19:39:56.965,25746,INFO,nova.osapi_compute.wsgi.server,req-d9a69560-6651-4f56-b256-8dd7b9bbe189 113d3a99c3da401fbd62cc2caa5b96d2 54fadb412c4e40cdbaed9335e4c35a9e - - -,"10.11.10.1 ""GET /v2/54fadb412c4e40cdbaed9335e4c35a9e/servers/detail HTTP/1.1"" status: 200 len: 1893 time: 0.2442820",0,<*> <*> <*>HTTP<*>status: <*> len: <*> time: <*>.<*>,"['10.11.10.1', '""GET /v2/54fadb412c4e40cdbaed9335e4c35a9e/servers/detail ', '/1.1"" ', '200', '1893', '0.2442820']"
119,nova-api.log.2017-05-14_21:27:04,2017-05-14,19:39:57.230,25746,INFO,nova.osapi_compute.wsgi.server,req-4e8f0dbf-e127-49c6-8e2f-97e3c5351c0e 113d3a99c3da401fbd62cc2caa5b96d2 54fadb412c4e40cdbaed9335e4c35a9e - - -,"10.11.10.1 ""GET /v2/54fadb412c4e40cdbaed9335e4c35a9e/servers/detail HTTP/1.1"" status: 200 len: 1893 time: 0.2604730",0,<*> <*> <*>HTTP<*>status: <*> len: <*> time: <*>.<*>,"['10.11.10.1', '""GET /v2/54fadb412c4e40cdbaed9335e4c35a9e/servers/detail ', '/1.1"" ', '200', '1893', '0.2604730']"
120,nova-api.log.2017-05-14_21:27:04,2017-05-14,19:39:58.498,25746,INFO,nova.osapi_compute.wsgi.server,req-8ca1b8a4-fbef-4c83-b7d0-2e299c5f58bc 113d3a99c3da401fbd62cc2caa5b96d2 54fadb412c4e40cdbaed9335e4c35a9e - - -,"10.11.10.1 ""GET /v2/54fadb412c4e40cdbaed9335e4c35a9e/servers/detail HTTP/1.1"" status: 200 len: 1893 time: 0.2633290",0,<*> <*> <*>HTTP<*>status: <*> len: <*> time: <*>.<*>,"['10.11.10.1', '""GET /v2/54fadb412c4e40cdbaed9335e4c35a9e/servers/detail ', '/1.1"" ', '200', '1893', '0.2633290']"
121,nova-api.log.2017-05-14_21:27:04,2017-05-14,19:39:58.856,25746,INFO,nova.osapi_compute.wsgi.server,req-9399d02d-744b-4d7d-8eeb-0d3a0c04fa34 113d3a99c3da401fbd62cc2caa5b96d2 54fadb412c4e40cdbaed9335e4c35a9e - - -,"10.11.10.1 ""GET /v2/54fadb412c4e40cdbaed9335e4c35a9e/servers/detail HTTP/1.1"" status: 200 len: 1893 time: 0.3527908",0,<*> <*> <*>HTTP<*>status: <*> len: <*> time: <*>.<*>,"['10.11.10.1', '""GET /v2/54fadb412c4e40cdbaed9335e4c35a9e/servers/detail ', '/1.1"" ', '200', '1893', '0.3527908']"
122,nova-api.log.2017-05-14_21:27:04,2017-05-14,19:40:00.287,25746,INFO,nova.osapi_compute.wsgi.server,req-703e826c-3c27-4dfc-a955-c9db43c47845 113d3a99c3da401fbd62cc2caa5b96d2 54fadb412c4e40cdbaed9335e4c35a9e - - -,"10.11.10.1 ""GET /v2/54fadb412c4e40cdbaed9335e4c35a9e/servers/detail HTTP/1.1"" status: 200 len: 1893 time: 0.4248340",0,<*> <*> <*>HTTP<*>status: <*> len: <*> time: <*>.<*>,"['10.11.10.1', '""GET /v2/54fadb412c4e40cdbaed9335e4c35a9e/servers/detail ', '/1.1"" ', '200', '1893', '0.4248340']"
123,nova-compute.log.2017-05-14_21:27:09,2017-05-14,19:40:00.469,2931,INFO,nova.virt.libvirt.imagecache,req-addc1839-2ed5-4778-b57e-5854eb7b8b09 - - - - -,image 0673dd71-34c5-4fbb-86c4-40623fbe45b4 at (/var/lib/nova/instances/_base/a489c868f0c37da93b76227c91bb03908ac0e742): checking,5,image <*>dd<*>-<*>c<*>-<*>fbb-<*>c<*>-<*>fbe<*>b<*> at (<*>checking,"['0673', '71-34', '5-4', '86c4', '40623', '45b4', '/var/lib/nova/instances/_base/a489c868f0c37da93b76227c91bb03908ac0e742): ']"
124,nova-compute.log.2017-05-14_21:27:09,2017-05-14,19:40:00.470,2931,INFO,nova.virt.libvirt.imagecache,req-addc1839-2ed5-4778-b57e-5854eb7b8b09 - - - - -,"image 0673dd71-34c5-4fbb-86c4-40623fbe45b4 at (/var/lib/nova/instances/_base/a489c868f0c37da93b76227c91bb03908ac0e742): in use: on this node 1 local, 0 on other nodes sharing this instance storage",6,"image <*>dd<*>-<*>c<*>-<*>fbb-<*>c<*>-<*>fbe<*>b<*> at (<*>in use: on this node <*> local, <*> on other nodes sharing this instance storage","['0673', '71-34', '5-4', '86c4', '40623', '45b4', '/var/lib/nova/instances/_base/a489c868f0c37da93b76227c91bb03908ac0e742): ', '1', '0']"
125,nova-api.log.2017-05-14_21:27:04,2017-05-14,19:40:00.536,25746,INFO,nova.osapi_compute.wsgi.server,req-682f1297-5222-4fee-846c-dd8660edc6a1 113d3a99c3da401fbd62cc2caa5b96d2 54fadb412c4e40cdbaed9335e4c35a9e - - -,"10.11.10.1 ""GET /v2/54fadb412c4e40cdbaed9335e4c35a9e/servers/detail HTTP/1.1"" status: 200 len: 1893 time: 0.2455161",0,<*> <*> <*>HTTP<*>status: <*> len: <*> time: <*>.<*>,"['10.11.10.1', '""GET /v2/54fadb412c4e40cdbaed9335e4c35a9e/servers/detail ', '/1.1"" ', '200', '1893', '0.2455161']"
126,nova-compute.log.2017-05-14_21:27:09,2017-05-14,19:40:00.667,2931,INFO,nova.virt.libvirt.imagecache,req-addc1839-2ed5-4778-b57e-5854eb7b8b09 - - - - -,Active base files: /var/lib/nova/instances/_base/a489c868f0c37da93b76227c91bb03908ac0e742,7,<*> base <*> /var/lib/nova/instances/_base/a<*>c<*>f<*>c<*>da<*>b<*>c<*>bb<*>ac<*>e<*>,"['Active', 'files:', '489c868', '0c37', '93b76227', '91', '03908', '0e742']"
127,nova-api.log.2017-05-14_21:27:04,2017-05-14,19:40:01.805,25746,INFO,nova.osapi_compute.wsgi.server,req-cdba16c4-1e65-4ab9-853a-e192ab7b42b9 113d3a99c3da401fbd62cc2caa5b96d2 54fadb412c4e40cdbaed9335e4c35a9e - - -,"10.11.10.1 ""GET /v2/54fadb412c4e40cdbaed9335e4c35a9e/servers/detail HTTP/1.1"" status: 200 len: 1893 time: 0.2633269",0,<*> <*> <*>HTTP<*>status: <*> len: <*> time: <*>.<*>,"['10.11.10.1', '""GET /v2/54fadb412c4e40cdbaed9335e4c35a9e/servers/detail ', '/1.1"" ', '200', '1893', '0.2633269']"
128,nova-api.log.2017-05-14_21:27:04,2017-05-14,19:40:02.098,25746,INFO,nova.osapi_compute.wsgi.server,req-ee916b5b-f1dd-4457-810f-07dae12d5cff 113d3a99c3da401fbd62cc2caa5b96d2 54fadb412c4e40cdbaed9335e4c35a9e - - -,"10.11.10.1 ""GET /v2/54fadb412c4e40cdbaed9335e4c35a9e/servers/detail HTTP/1.1"" status: 200 len: 1893 time: 0.2887440",0,<*> <*> <*>HTTP<*>status: <*> len: <*> time: <*>.<*>,"['10.11.10.1', '""GET /v2/54fadb412c4e40cdbaed9335e4c35a9e/servers/detail ', '/1.1"" ', '200', '1893', '0.2887440']"
129,nova-api.log.2017-05-14_21:27:04,2017-05-14,19:40:03.391,25746,INFO,nova.osapi_compute.wsgi.server,req-2cd6eb8b-e7f4-40f6-b682-c00f457f4729 113d3a99c3da401fbd62cc2caa5b96d2 54fadb412c4e40cdbaed9335e4c35a9e - - -,"10.11.10.1 ""GET /v2/54fadb412c4e40cdbaed9335e4c35a9e/servers/detail HTTP/1.1"" status: 200 len: 1893 time: 0.2867360",0,<*> <*> <*>HTTP<*>status: <*> len: <*> time: <*>.<*>,"['10.11.10.1', '""GET /v2/54fadb412c4e40cdbaed9335e4c35a9e/servers/detail ', '/1.1"" ', '200', '1893', '0.2867360']"
130,nova-api.log.2017-05-14_21:27:04,2017-05-14,19:40:03.669,25746,INFO,nova.osapi_compute.wsgi.server,req-2813de27-0b62-4909-b8e9-23e405f5e8fb 113d3a99c3da401fbd62cc2caa5b96d2 54fadb412c4e40cdbaed9335e4c35a9e - - -,"10.11.10.1 ""GET /v2/54fadb412c4e40cdbaed9335e4c35a9e/servers/detail HTTP/1.1"" status: 200 len: 1893 time: 0.2747920",0,<*> <*> <*>HTTP<*>status: <*> len: <*> time: <*>.<*>,"['10.11.10.1', '""GET /v2/54fadb412c4e40cdbaed9335e4c35a9e/servers/detail ', '/1.1"" ', '200', '1893', '0.2747920']"
131,nova-api.log.2017-05-14_21:27:04,2017-05-14,19:40:04.056,25743,INFO,nova.api.openstack.compute.server_external_events,req-0d2cc775-8472-4201-a174-6c0ace9db623 f7b8d1f1d4d44643b07fa10ca7d021fb e9746973ac574c6b8a9e8857f56a7608 - - -,Creating event network-vif-plugged:623f8dac-b4d6-4f0f-aa15-f941548beb5b for instance 3416d0fa-6f0f-41ce-9c0a-59ae9a735da8,8,Creating event <*> for instance <*>,"['network-vif-plugged:623f8dac-b4d6-4f0f-aa15-f941548beb5b', '3416d0fa-6f0f-41ce-9c0a-59ae9a735da8']"
132,nova-api.log.2017-05-14_21:27:04,2017-05-14,19:40:04.063,25743,INFO,nova.osapi_compute.wsgi.server,req-0d2cc775-8472-4201-a174-6c0ace9db623 f7b8d1f1d4d44643b07fa10ca7d021fb e9746973ac574c6b8a9e8857f56a7608 - - -,"10.11.10.1 ""POST /v2/e9746973ac574c6b8a9e8857f56a7608/os-server-external-events HTTP/1.1"" status: 200 len: 380 time: 0.1026800",0,<*> <*> <*>HTTP<*>status: <*> len: <*> time: <*>.<*>,"['10.11.10.1', '""POST /v2/e9746973ac574c6b8a9e8857f56a7608/os-server-external-events ', '/1.1"" ', '200', '380', '0.1026800']"
133,nova-compute.log.2017-05-14_21:27:09,2017-05-14,19:40:04.071,2931,INFO,nova.compute.manager,req-3ea4052c-895d-4b64-9e2d-04d64c4d94ab - - - - -,[instance: 3416d0fa-6f0f-41ce-9c0a-59ae9a735da8] VM Resumed (Lifecycle Event),2,<*> VM <*> (Lifecycle Event),"['[instance: 3416d0fa-6f0f-41ce-9c0a-59ae9a735da8]', 'Resumed']"
134,nova-compute.log.2017-05-14_21:27:09,2017-05-14,19:40:04.080,2931,INFO,nova.virt.libvirt.driver,-,[instance: 3416d0fa-6f0f-41ce-9c0a-59ae9a735da8] Instance spawned successfully.,9,<*> Instance <*> successfully.,"['[instance: 3416d0fa-6f0f-41ce-9c0a-59ae9a735da8]', 'spawned']"
135,nova-compute.log.2017-05-14_21:27:09,2017-05-14,19:40:04.081,2931,INFO,nova.compute.manager,req-74d58b45-ade6-4af8-97ea-67d6c7d66e03 113d3a99c3da401fbd62cc2caa5b96d2 54fadb412c4e40cdbaed9335e4c35a9e - - -,[instance: 3416d0fa-6f0f-41ce-9c0a-59ae9a735da8] Took 20.35 seconds to spawn the instance on the hypervisor.,10,<*> Took <*>.<*> seconds to <*> the instance on the hypervisor.,"['[instance: 3416d0fa-6f0f-41ce-9c0a-59ae9a735da8]', '20.35', 'spawn']"
136,nova-compute.log.2017-05-14_21:27:09,2017-05-14,19:40:04.195,2931,INFO,nova.compute.manager,req-3ea4052c-895d-4b64-9e2d-04d64c4d94ab - - - - -,[instance: 3416d0fa-6f0f-41ce-9c0a-59ae9a735da8] During sync_power_state the instance has a pending task (spawning). Skip.,4,<*> During sync_power_state the instance has a pending task (spawning). Skip.,['[instance: 3416d0fa-6f0f-41ce-9c0a-59ae9a735da8]']
137,nova-compute.log.2017-05-14_21:27:09,2017-05-14,19:40:04.197,2931,INFO,nova.compute.manager,req-3ea4052c-895d-4b64-9e2d-04d64c4d94ab - - - - -,[instance: 3416d0fa-6f0f-41ce-9c0a-59ae9a735da8] VM Resumed (Lifecycle Event),2,<*> VM <*> (Lifecycle Event),"['[instance: 3416d0fa-6f0f-41ce-9c0a-59ae9a735da8]', 'Resumed']"
138,nova-compute.log.2017-05-14_21:27:09,2017-05-14,19:40:04.216,2931,INFO,nova.compute.manager,req-74d58b45-ade6-4af8-97ea-67d6c7d66e03 113d3a99c3da401fbd62cc2caa5b96d2 54fadb412c4e40cdbaed9335e4c35a9e - - -,[instance: 3416d0fa-6f0f-41ce-9c0a-59ae9a735da8] Took 21.13 seconds to build instance.,11,<*> Took <*>.<*> seconds to build instance.,"['[instance: 3416d0fa-6f0f-41ce-9c0a-59ae9a735da8]', '21.13']"
139,nova-api.log.2017-05-14_21:27:04,2017-05-14,19:40:04.931,25746,INFO,nova.osapi_compute.wsgi.server,req-5f80fdeb-6014-4521-977d-766e6ddcfaff 113d3a99c3da401fbd62cc2caa5b96d2 54fadb412c4e40cdbaed9335e4c35a9e - - -,"10.11.10.1 ""GET /v2/54fadb412c4e40cdbaed9335e4c35a9e/servers/detail HTTP/1.1"" status: 200 len: 1910 time: 0.2561429",0,<*> <*> <*>HTTP<*>status: <*> len: <*> time: <*>.<*>,"['10.11.10.1', '""GET /v2/54fadb412c4e40cdbaed9335e4c35a9e/servers/detail ', '/1.1"" ', '200', '1910', '0.2561429']"
140,nova-api.log.2017-05-14_21:27:04,2017-05-14,19:40:05.206,25746,INFO,nova.osapi_compute.wsgi.server,req-df36cb2e-2425-41da-acc4-ac19dbd89703 113d3a99c3da401fbd62cc2caa5b96d2 54fadb412c4e40cdbaed9335e4c35a9e - - -,"10.11.10.1 ""GET /v2/54fadb412c4e40cdbaed9335e4c35a9e/servers/detail HTTP/1.1"" status: 200 len: 1910 time: 0.2705979",0,<*> <*> <*>HTTP<*>status: <*> len: <*> time: <*>.<*>,"['10.11.10.1', '""GET /v2/54fadb412c4e40cdbaed9335e4c35a9e/servers/detail ', '/1.1"" ', '200', '1910', '0.2705979']"
141,nova-compute.log.2017-05-14_21:27:09,2017-05-14,19:40:05.720,2931,INFO,nova.virt.libvirt.imagecache,req-addc1839-2ed5-4778-b57e-5854eb7b8b09 - - - - -,image 0673dd71-34c5-4fbb-86c4-40623fbe45b4 at (/var/lib/nova/instances/_base/a489c868f0c37da93b76227c91bb03908ac0e742): checking,5,image <*>dd<*>-<*>c<*>-<*>fbb-<*>c<*>-<*>fbe<*>b<*> at (<*>checking,"['0673', '71-34', '5-4', '86c4', '40623', '45b4', '/var/lib/nova/instances/_base/a489c868f0c37da93b76227c91bb03908ac0e742): ']"
142,nova-compute.log.2017-05-14_21:27:09,2017-05-14,19:40:05.721,2931,INFO,nova.virt.libvirt.imagecache,req-addc1839-2ed5-4778-b57e-5854eb7b8b09 - - - - -,"image 0673dd71-34c5-4fbb-86c4-40623fbe45b4 at (/var/lib/nova/instances/_base/a489c868f0c37da93b76227c91bb03908ac0e742): in use: on this node 1 local, 0 on other nodes sharing this instance storage",6,"image <*>dd<*>-<*>c<*>-<*>fbb-<*>c<*>-<*>fbe<*>b<*> at (<*>in use: on this node <*> local, <*> on other nodes sharing this instance storage","['0673', '71-34', '5-4', '86c4', '40623', '45b4', '/var/lib/nova/instances/_base/a489c868f0c37da93b76227c91bb03908ac0e742): ', '1', '0']"
143,nova-compute.log.2017-05-14_21:27:09,2017-05-14,19:40:05.902,2931,INFO,nova.virt.libvirt.imagecache,req-addc1839-2ed5-4778-b57e-5854eb7b8b09 - - - - -,Active base files: /var/lib/nova/instances/_base/a489c868f0c37da93b76227c91bb03908ac0e742,7,<*> base <*> /var/lib/nova/instances/_base/a<*>c<*>f<*>c<*>da<*>b<*>c<*>bb<*>ac<*>e<*>,"['Active', 'files:', '489c868', '0c37', '93b76227', '91', '03908', '0e742']"
144,nova-api.log.2017-05-14_21:27:04,2017-05-14,19:40:10.359,25774,INFO,nova.metadata.wsgi.server,req-c25f38ec-51d4-4564-b006-801bbc9f7b31 - - - - -,"10.11.11.226,10.11.10.1 ""GET /openstack/2012-08-10/meta_data.json HTTP/1.1"" status: 200 len: 264 time: 0.2296920",0,<*> <*> <*>HTTP<*>status: <*> len: <*> time: <*>.<*>,"['10.11.11.226,10.11.10.1', '""GET /openstack/2012-08-10/meta_data.json ', '/1.1"" ', '200', '264', '0.2296920']"
145,nova-api.log.2017-05-14_21:27:04,2017-05-14,19:40:10.673,25786,INFO,nova.metadata.wsgi.server,req-bb278ae3-8199-4565-82c2-5650d790c7b7 - - - - -,"10.11.11.226,10.11.10.1 ""GET /openstack/2013-10-17 HTTP/1.1"" status: 200 len: 157 time: 0.2201080",0,<*> <*> <*>HTTP<*>status: <*> len: <*> time: <*>.<*>,"['10.11.11.226,10.11.10.1', '""GET /openstack/2013-10-17 ', '/1.1"" ', '200', '157', '0.2201080']"
146,nova-api.log.2017-05-14_21:27:04,2017-05-14,19:40:10.924,25784,INFO,nova.metadata.wsgi.server,req-cde284f3-3c2d-4428-b99b-7b3d57669f26 - - - - -,"10.11.11.226,10.11.10.1 ""GET /openstack/2013-10-17/vendor_data.json HTTP/1.1"" status: 200 len: 124 time: 0.2384570",0,<*> <*> <*>HTTP<*>status: <*> len: <*> time: <*>.<*>,"['10.11.11.226,10.11.10.1', '""GET /openstack/2013-10-17/vendor_data.json ', '/1.1"" ', '200', '124', '0.2384570']"
147,nova-compute.log.2017-05-14_21:27:09,2017-05-14,19:40:10.960,2931,INFO,nova.virt.libvirt.imagecache,req-addc1839-2ed5-4778-b57e-5854eb7b8b09 - - - - -,image 0673dd71-34c5-4fbb-86c4-40623fbe45b4 at (/var/lib/nova/instances/_base/a489c868f0c37da93b76227c91bb03908ac0e742): checking,5,image <*>dd<*>-<*>c<*>-<*>fbb-<*>c<*>-<*>fbe<*>b<*> at (<*>checking,"['0673', '71-34', '5-4', '86c4', '40623', '45b4', '/var/lib/nova/instances/_base/a489c868f0c37da93b76227c91bb03908ac0e742): ']"
148,nova-compute.log.2017-05-14_21:27:09,2017-05-14,19:40:10.961,2931,INFO,nova.virt.libvirt.imagecache,req-addc1839-2ed5-4778-b57e-5854eb7b8b09 - - - - -,"image 0673dd71-34c5-4fbb-86c4-40623fbe45b4 at (/var/lib/nova/instances/_base/a489c868f0c37da93b76227c91bb03908ac0e742): in use: on this node 1 local, 0 on other nodes sharing this instance storage",6,"image <*>dd<*>-<*>c<*>-<*>fbb-<*>c<*>-<*>fbe<*>b<*> at (<*>in use: on this node <*> local, <*> on other nodes sharing this instance storage","['0673', '71-34', '5-4', '86c4', '40623', '45b4', '/var/lib/nova/instances/_base/a489c868f0c37da93b76227c91bb03908ac0e742): ', '1', '0']"
149,nova-compute.log.2017-05-14_21:27:09,2017-05-14,19:40:11.142,2931,INFO,nova.virt.libvirt.imagecache,req-addc1839-2ed5-4778-b57e-5854eb7b8b09 - - - - -,Active base files: /var/lib/nova/instances/_base/a489c868f0c37da93b76227c91bb03908ac0e742,7,<*> base <*> /var/lib/nova/instances/_base/a<*>c<*>f<*>c<*>da<*>b<*>c<*>bb<*>ac<*>e<*>,"['Active', 'files:', '489c868', '0c37', '93b76227', '91', '03908', '0e742']"
150,nova-api.log.2017-05-14_21:27:04,2017-05-14,19:40:11.161,25783,INFO,nova.metadata.wsgi.server,req-8f4625ef-4b0b-47da-8ff4-d4b57da6d719 - - - - -,"10.11.11.226,10.11.10.1 ""GET /openstack/2013-10-17/vendor_data.json HTTP/1.1"" status: 200 len: 124 time: 0.2244799",0,<*> <*> <*>HTTP<*>status: <*> len: <*> time: <*>.<*>,"['10.11.11.226,10.11.10.1', '""GET /openstack/2013-10-17/vendor_data.json ', '/1.1"" ', '200', '124', '0.2244799']"
151,nova-api.log.2017-05-14_21:27:04,2017-05-14,19:40:11.402,25795,INFO,nova.metadata.wsgi.server,req-96baa64d-7104-4426-9e4c-9f1e4199c532 - - - - -,"10.11.11.226,10.11.10.1 ""GET /openstack/2013-10-17/user_data HTTP/1.1"" status: 404 len: 176 time: 0.2273262",0,<*> <*> <*>HTTP<*>status: <*> len: <*> time: <*>.<*>,"['10.11.11.226,10.11.10.1', '""GET /openstack/2013-10-17/user_data ', '/1.1"" ', '404', '176', '0.2273262']"
152,nova-api.log.2017-05-14_21:27:04,2017-05-14,19:40:11.471,25746,INFO,nova.osapi_compute.wsgi.server,req-d20c543c-9745-4834-8b0a-d539289b0aba 113d3a99c3da401fbd62cc2caa5b96d2 54fadb412c4e40cdbaed9335e4c35a9e - - -,"10.11.10.1 ""DELETE /v2/54fadb412c4e40cdbaed9335e4c35a9e/servers/3416d0fa-6f0f-41ce-9c0a-59ae9a735da8 HTTP/1.1"" status: 204 len: 203 time: 0.2591450",0,<*> <*> <*>HTTP<*>status: <*> len: <*> time: <*>.<*>,"['10.11.10.1', '""DELETE /v2/54fadb412c4e40cdbaed9335e4c35a9e/servers/3416d0fa-6f0f-41ce-9c0a-59ae9a735da8 ', '/1.1"" ', '204', '203', '0.2591450']"
153,nova-compute.log.2017-05-14_21:27:09,2017-05-14,19:40:11.516,2931,INFO,nova.compute.manager,req-d20c543c-9745-4834-8b0a-d539289b0aba 113d3a99c3da401fbd62cc2caa5b96d2 54fadb412c4e40cdbaed9335e4c35a9e - - -,[instance: 3416d0fa-6f0f-41ce-9c0a-59ae9a735da8] Terminating instance,12,<*> Terminating instance,['[instance: 3416d0fa-6f0f-41ce-9c0a-59ae9a735da8]']
154,nova-compute.log.2017-05-14_21:27:09,2017-05-14,19:40:11.731,2931,INFO,nova.virt.libvirt.driver,-,[instance: 3416d0fa-6f0f-41ce-9c0a-59ae9a735da8] Instance destroyed successfully.,9,<*> Instance <*> successfully.,"['[instance: 3416d0fa-6f0f-41ce-9c0a-59ae9a735da8]', 'destroyed']"
155,nova-api.log.2017-05-14_21:27:04,2017-05-14,19:40:11.774,25746,INFO,nova.osapi_compute.wsgi.server,req-91759621-772f-4000-a9c8-9c735f282ea2 113d3a99c3da401fbd62cc2caa5b96d2 54fadb412c4e40cdbaed9335e4c35a9e - - -,"10.11.10.1 ""GET /v2/54fadb412c4e40cdbaed9335e4c35a9e/servers/detail HTTP/1.1"" status: 200 len: 1916 time: 0.2975330",0,<*> <*> <*>HTTP<*>status: <*> len: <*> time: <*>.<*>,"['10.11.10.1', '""GET /v2/54fadb412c4e40cdbaed9335e4c35a9e/servers/detail ', '/1.1"" ', '200', '1916', '0.2975330']"
156,nova-api.log.2017-05-14_21:27:04,2017-05-14,19:40:11.825,25788,INFO,nova.metadata.wsgi.server,req-d95f87f2-619f-41fe-a9be-f638d3eb8dbd - - - - -,"10.11.11.226,10.11.10.1 ""GET /openstack/2013-10-17/meta_data.json HTTP/1.1"" status: 200 len: 967 time: 0.3225091",0,<*> <*> <*>HTTP<*>status: <*> len: <*> time: <*>.<*>,"['10.11.11.226,10.11.10.1', '""GET /openstack/2013-10-17/meta_data.json ', '/1.1"" ', '200', '967', '0.3225091']"
157,nova-compute.log.2017-05-14_21:27:09,2017-05-14,19:40:12.435,2931,INFO,nova.virt.libvirt.driver,req-d20c543c-9745-4834-8b0a-d539289b0aba 113d3a99c3da401fbd62cc2caa5b96d2 54fadb412c4e40cdbaed9335e4c35a9e - - -,[instance: 3416d0fa-6f0f-41ce-9c0a-59ae9a735da8] Deleting instance files /var/lib/nova/instances/3416d0fa-6f0f-41ce-9c0a-59ae9a735da8_del,13,<*> Deleting instance files <*>,"['[instance: 3416d0fa-6f0f-41ce-9c0a-59ae9a735da8]', '/var/lib/nova/instances/3416d0fa-6f0f-41ce-9c0a-59ae9a735da8_del']"
158,nova-compute.log.2017-05-14_21:27:09,2017-05-14,19:40:12.437,2931,INFO,nova.virt.libvirt.driver,req-d20c543c-9745-4834-8b0a-d539289b0aba 113d3a99c3da401fbd62cc2caa5b96d2 54fadb412c4e40cdbaed9335e4c35a9e - - -,[instance: 3416d0fa-6f0f-41ce-9c0a-59ae9a735da8] Deletion of /var/lib/nova/instances/3416d0fa-6f0f-41ce-9c0a-59ae9a735da8_del complete,14,<*> Deletion of <*>complete,"['[instance: 3416d0fa-6f0f-41ce-9c0a-59ae9a735da8]', '/var/lib/nova/instances/3416d0fa-6f0f-41ce-9c0a-59ae9a735da8_del ']"
159,nova-compute.log.2017-05-14_21:27:09,2017-05-14,19:40:12.554,2931,INFO,nova.compute.manager,req-d20c543c-9745-4834-8b0a-d539289b0aba 113d3a99c3da401fbd62cc2caa5b96d2 54fadb412c4e40cdbaed9335e4c35a9e - - -,[instance: 3416d0fa-6f0f-41ce-9c0a-59ae9a735da8] Took 1.03 seconds to destroy the instance on the hypervisor.,10,<*> Took <*>.<*> seconds to <*> the instance on the hypervisor.,"['[instance: 3416d0fa-6f0f-41ce-9c0a-59ae9a735da8]', '1.03', 'destroy']"
160,nova-api.log.2017-05-14_21:27:04,2017-05-14,19:40:12.971,25746,INFO,nova.osapi_compute.wsgi.server,req-4eb27810-9d7d-49f0-9236-9a3440e0c247 113d3a99c3da401fbd62cc2caa5b96d2 54fadb412c4e40cdbaed9335e4c35a9e - - -,"10.11.10.1 ""GET /v2/54fadb412c4e40cdbaed9335e4c35a9e/servers/detail HTTP/1.1"" status: 200 len: 1874 time: 0.1904340",0,<*> <*> <*>HTTP<*>status: <*> len: <*> time: <*>.<*>,"['10.11.10.1', '""GET /v2/54fadb412c4e40cdbaed9335e4c35a9e/servers/detail ', '/1.1"" ', '200', '1874', '0.1904340']"
161,nova-compute.log.2017-05-14_21:27:09,2017-05-14,19:40:13.094,2931,INFO,nova.compute.manager,req-d20c543c-9745-4834-8b0a-d539289b0aba 113d3a99c3da401fbd62cc2caa5b96d2 54fadb412c4e40cdbaed9335e4c35a9e - - -,[instance: 3416d0fa-6f0f-41ce-9c0a-59ae9a735da8] Took 0.54 seconds to deallocate network for instance.,15,<*> Took <*>.<*> seconds to deallocate network for instance.,"['[instance: 3416d0fa-6f0f-41ce-9c0a-59ae9a735da8]', '0.54']"
162,nova-api.log.2017-05-14_21:27:04,2017-05-14,19:40:14.078,25746,INFO,nova.osapi_compute.wsgi.server,req-92ae6801-1ec3-4105-8987-7b0094cc0716 113d3a99c3da401fbd62cc2caa5b96d2 54fadb412c4e40cdbaed9335e4c35a9e - - -,"10.11.10.1 ""GET /v2/54fadb412c4e40cdbaed9335e4c35a9e/servers/detail HTTP/1.1"" status: 200 len: 211 time: 0.1006861",0,<*> <*> <*>HTTP<*>status: <*> len: <*> time: <*>.<*>,"['10.11.10.1', '""GET /v2/54fadb412c4e40cdbaed9335e4c35a9e/servers/detail ', '/1.1"" ', '200', '211', '0.1006861']"
163,nova-api.log.2017-05-14_21:27:04,2017-05-14,19:40:15.120,25746,INFO,nova.api.openstack.wsgi,req-d055d9ee-9583-45f9-b14a-9ef40530dbcd f7b8d1f1d4d44643b07fa10ca7d021fb e9746973ac574c6b8a9e8857f56a7608 - - -,HTTP exception thrown: No instances found for any event,16,HTTP exception thrown: No instances found for any event,[]
164,nova-api.log.2017-05-14_21:27:04,2017-05-14,19:40:15.122,25746,INFO,nova.osapi_compute.wsgi.server,req-d055d9ee-9583-45f9-b14a-9ef40530dbcd f7b8d1f1d4d44643b07fa10ca7d021fb e9746973ac574c6b8a9e8857f56a7608 - - -,"10.11.10.1 ""POST /v2/e9746973ac574c6b8a9e8857f56a7608/os-server-external-events HTTP/1.1"" status: 404 len: 296 time: 0.0814409",0,<*> <*> <*>HTTP<*>status: <*> len: <*> time: <*>.<*>,"['10.11.10.1', '""POST /v2/e9746973ac574c6b8a9e8857f56a7608/os-server-external-events ', '/1.1"" ', '404', '296', '0.0814409']"
165,nova-compute.log.2017-05-14_21:27:09,2017-05-14,19:40:16.170,2931,WARNING,nova.virt.libvirt.imagecache,req-addc1839-2ed5-4778-b57e-5854eb7b8b09 - - - - -,Unknown base file: /var/lib/nova/instances/_base/a489c868f0c37da93b76227c91bb03908ac0e742,7,<*> base <*> /var/lib/nova/instances/_base/a<*>c<*>f<*>c<*>da<*>b<*>c<*>bb<*>ac<*>e<*>,"['Unknown', 'file:', '489c868', '0c37', '93b76227', '91', '03908', '0e742']"
166,nova-compute.log.2017-05-14_21:27:09,2017-05-14,19:40:16.171,2931,INFO,nova.virt.libvirt.imagecache,req-addc1839-2ed5-4778-b57e-5854eb7b8b09 - - - - -,Removable base files: /var/lib/nova/instances/_base/a489c868f0c37da93b76227c91bb03908ac0e742,7,<*> base <*> /var/lib/nova/instances/_base/a<*>c<*>f<*>c<*>da<*>b<*>c<*>bb<*>ac<*>e<*>,"['Removable', 'files:', '489c868', '0c37', '93b76227', '91', '03908', '0e742']"
167,nova-compute.log.2017-05-14_21:27:09,2017-05-14,19:40:16.172,2931,INFO,nova.virt.libvirt.imagecache,req-addc1839-2ed5-4778-b57e-5854eb7b8b09 - - - - -,Removing base or swap file: /var/lib/nova/instances/_base/a489c868f0c37da93b76227c91bb03908ac0e742,17,Removing base or swap file: /var/lib/nova/instances/_base/a<*>c<*>f<*>c<*>da<*>b<*>c<*>bb<*>ac<*>e<*>,"['489c868', '0c37', '93b76227', '91', '03908', '0e742']"
168,nova-api.log.2017-05-14_21:27:04,2017-05-14,19:40:24.536,25746,INFO,nova.osapi_compute.wsgi.server,req-acd3afcf-5f54-4741-91f5-588fcfa08136 113d3a99c3da401fbd62cc2caa5b96d2 54fadb412c4e40cdbaed9335e4c35a9e - - -,"10.11.10.1 ""POST /v2/54fadb412c4e40cdbaed9335e4c35a9e/servers HTTP/1.1"" status: 202 len: 733 time: 0.4452009",0,<*> <*> <*>HTTP<*>status: <*> len: <*> time: <*>.<*>,"['10.11.10.1', '""POST /v2/54fadb412c4e40cdbaed9335e4c35a9e/servers ', '/1.1"" ', '202', '733', '0.4452009']"
169,nova-api.log.2017-05-14_21:27:04,2017-05-14,19:40:24.726,25746,INFO,nova.osapi_compute.wsgi.server,req-39196d06-d6c4-4de5-977a-65daf1a7a5bd 113d3a99c3da401fbd62cc2caa5b96d2 54fadb412c4e40cdbaed9335e4c35a9e - - -,"10.11.10.1 ""GET /v2/54fadb412c4e40cdbaed9335e4c35a9e/servers/detail HTTP/1.1"" status: 200 len: 1583 time: 0.1848001",0,<*> <*> <*>HTTP<*>status: <*> len: <*> time: <*>.<*>,"['10.11.10.1', '""GET /v2/54fadb412c4e40cdbaed9335e4c35a9e/servers/detail ', '/1.1"" ', '200', '1583', '0.1848001']"
170,nova-compute.log.2017-05-14_21:27:09,2017-05-14,19:40:24.830,2931,INFO,nova.compute.claims,req-acd3afcf-5f54-4741-91f5-588fcfa08136 113d3a99c3da401fbd62cc2caa5b96d2 54fadb412c4e40cdbaed9335e4c35a9e - - -,"[instance: 874ffb7b-49b3-4c6d-a2e9-35bf272650b1] Attempting claim: memory 2048 MB, disk 20 GB, vcpus 1 CPU",18,"<*> Attempting claim: memory <*> MB, disk <*> GB, vcpus <*> CPU","['[instance: 874ffb7b-49b3-4c6d-a2e9-35bf272650b1]', '2048', '20', '1']"
171,nova-compute.log.2017-05-14_21:27:09,2017-05-14,19:40:24.831,2931,INFO,nova.compute.claims,req-acd3afcf-5f54-4741-91f5-588fcfa08136 113d3a99c3da401fbd62cc2caa5b96d2 54fadb412c4e40cdbaed9335e4c35a9e - - -,"[instance: 874ffb7b-49b3-4c6d-a2e9-35bf272650b1] Total memory: 64172 MB, used: 512.00 MB",19,"<*> <*> <*> <*> MB, <*> <*>.<*> MB","['[instance:', '874ffb7b-49b3-4c6d-a2e9-35bf272650b1] Total memory: 64172', 'used: 512', '00']"
172,nova-compute.log.2017-05-14_21:27:09,2017-05-14,19:40:24.832,2931,INFO,nova.compute.claims,req-acd3afcf-5f54-4741-91f5-588fcfa08136 113d3a99c3da401fbd62cc2caa5b96d2 54fadb412c4e40cdbaed9335e4c35a9e - - -,"[instance: 874ffb7b-49b3-4c6d-a2e9-35bf272650b1] memory limit: 96258.00 MB, free: 95746.00 MB",19,"<*> <*> <*> <*> MB, <*> <*>.<*> MB","['[instance:', '874ffb7b-49b3-4c6d-a2e9-35bf272650b1] memory limit: 96258.00', 'free: 95746', '00']"
173,nova-compute.log.2017-05-14_21:27:09,2017-05-14,19:40:24.833,2931,INFO,nova.compute.claims,req-acd3afcf-5f54-4741-91f5-588fcfa08136 113d3a99c3da401fbd62cc2caa5b96d2 54fadb412c4e40cdbaed9335e4c35a9e - - -,"[instance: 874ffb7b-49b3-4c6d-a2e9-35bf272650b1] Total disk: 15 GB, used: 0.00 GB",20,<*> Total <*> <*> <*> used: <*>.<*> <*>,"['[instance: 874ffb7b-49b3-4c6d-a2e9-35bf272650b1]', 'disk:', '15 GB,', '0.00', 'GB']"
174,nova-compute.log.2017-05-14_21:27:09,2017-05-14,19:40:24.834,2931,INFO,nova.compute.claims,req-acd3afcf-5f54-4741-91f5-588fcfa08136 113d3a99c3da401fbd62cc2caa5b96d2 54fadb412c4e40cdbaed9335e4c35a9e - - -,"[instance: 874ffb7b-49b3-4c6d-a2e9-35bf272650b1] disk limit not specified, defaulting to unlimited",21,"<*> <*> limit not specified, defaulting to unlimited",['[instance: 874ffb7b-49b3-4c6d-a2e9-35bf272650b1] disk']
175,nova-compute.log.2017-05-14_21:27:09,2017-05-14,19:40:24.834,2931,INFO,nova.compute.claims,req-acd3afcf-5f54-4741-91f5-588fcfa08136 113d3a99c3da401fbd62cc2caa5b96d2 54fadb412c4e40cdbaed9335e4c35a9e - - -,"[instance: 874ffb7b-49b3-4c6d-a2e9-35bf272650b1] Total vcpu: 16 VCPU, used: 0.00 VCPU",20,<*> Total <*> <*> <*> used: <*>.<*> <*>,"['[instance: 874ffb7b-49b3-4c6d-a2e9-35bf272650b1]', 'vcpu:', '16 VCPU,', '0.00', 'VCPU']"
176,nova-compute.log.2017-05-14_21:27:09,2017-05-14,19:40:24.835,2931,INFO,nova.compute.claims,req-acd3afcf-5f54-4741-91f5-588fcfa08136 113d3a99c3da401fbd62cc2caa5b96d2 54fadb412c4e40cdbaed9335e4c35a9e - - -,"[instance: 874ffb7b-49b3-4c6d-a2e9-35bf272650b1] vcpu limit not specified, defaulting to unlimited",21,"<*> <*> limit not specified, defaulting to unlimited",['[instance: 874ffb7b-49b3-4c6d-a2e9-35bf272650b1] vcpu']
177,nova-compute.log.2017-05-14_21:27:09,2017-05-14,19:40:24.867,2931,INFO,nova.compute.claims,req-acd3afcf-5f54-4741-91f5-588fcfa08136 113d3a99c3da401fbd62cc2caa5b96d2 54fadb412c4e40cdbaed9335e4c35a9e - - -,[instance: 874ffb7b-49b3-4c6d-a2e9-35bf272650b1] Claim successful,22,<*> Claim successful,['[instance: 874ffb7b-49b3-4c6d-a2e9-35bf272650b1]']
178,nova-api.log.2017-05-14_21:27:04,2017-05-14,19:40:24.927,25746,INFO,nova.osapi_compute.wsgi.server,req-c5cce96f-c5b4-48c8-8742-35f9c99aef72 113d3a99c3da401fbd62cc2caa5b96d2 54fadb412c4e40cdbaed9335e4c35a9e - - -,"10.11.10.1 ""GET /v2/54fadb412c4e40cdbaed9335e4c35a9e/servers/detail HTTP/1.1"" status: 200 len: 1575 time: 0.1968961",0,<*> <*> <*>HTTP<*>status: <*> len: <*> time: <*>.<*>,"['10.11.10.1', '""GET /v2/54fadb412c4e40cdbaed9335e4c35a9e/servers/detail ', '/1.1"" ', '200', '1575', '0.1968961']"
179,nova-api.log.2017-05-14_21:27:04,2017-05-14,19:40:25.179,25746,INFO,nova.osapi_compute.wsgi.server,req-55af956b-507f-4078-a2b9-8b375f992798 113d3a99c3da401fbd62cc2caa5b96d2 54fadb412c4e40cdbaed9335e4c35a9e - - -,"10.11.10.1 ""GET /v2/54fadb412c4e40cdbaed9335e4c35a9e/servers/874ffb7b-49b3-4c6d-a2e9-35bf272650b1 HTTP/1.1"" status: 200 len: 1708 time: 0.2477679",0,<*> <*> <*>HTTP<*>status: <*> len: <*> time: <*>.<*>,"['10.11.10.1', '""GET /v2/54fadb412c4e40cdbaed9335e4c35a9e/servers/874ffb7b-49b3-4c6d-a2e9-35bf272650b1 ', '/1.1"" ', '200', '1708', '0.2477679']"
180,nova-compute.log.2017-05-14_21:27:09,2017-05-14,19:40:25.440,2931,INFO,nova.virt.libvirt.driver,req-acd3afcf-5f54-4741-91f5-588fcfa08136 113d3a99c3da401fbd62cc2caa5b96d2 54fadb412c4e40cdbaed9335e4c35a9e - - -,[instance: 874ffb7b-49b3-4c6d-a2e9-35bf272650b1] Creating image,1,<*> Creating image,['[instance: 874ffb7b-49b3-4c6d-a2e9-35bf272650b1]']
181,nova-api.log.2017-05-14_21:27:04,2017-05-14,19:40:26.493,25746,INFO,nova.osapi_compute.wsgi.server,req-fcfc8837-5363-4909-8743-64f668f536a1 113d3a99c3da401fbd62cc2caa5b96d2 54fadb412c4e40cdbaed9335e4c35a9e - - -,"10.11.10.1 ""GET /v2/54fadb412c4e40cdbaed9335e4c35a9e/servers/detail HTTP/1.1"" status: 200 len: 1759 time: 0.3095410",0,<*> <*> <*>HTTP<*>status: <*> len: <*> time: <*>.<*>,"['10.11.10.1', '""GET /v2/54fadb412c4e40cdbaed9335e4c35a9e/servers/detail ', '/1.1"" ', '200', '1759', '0.3095410']"
182,nova-compute.log.2017-05-14_21:27:09,2017-05-14,19:40:26.727,2931,INFO,nova.compute.manager,-,[instance: 3416d0fa-6f0f-41ce-9c0a-59ae9a735da8] VM Stopped (Lifecycle Event),2,<*> VM <*> (Lifecycle Event),"['[instance: 3416d0fa-6f0f-41ce-9c0a-59ae9a735da8]', 'Stopped']"
183,nova-api.log.2017-05-14_21:27:04,2017-05-14,19:40:26.755,25746,INFO,nova.osapi_compute.wsgi.server,req-0018f1c0-4da4-4930-809c-bfd11c405d7d 113d3a99c3da401fbd62cc2caa5b96d2 54fadb412c4e40cdbaed9335e4c35a9e - - -,"10.11.10.1 ""GET /v2/54fadb412c4e40cdbaed9335e4c35a9e/servers/detail HTTP/1.1"" status: 200 len: 1759 time: 0.2577472",0,<*> <*> <*>HTTP<*>status: <*> len: <*> time: <*>.<*>,"['10.11.10.1', '""GET /v2/54fadb412c4e40cdbaed9335e4c35a9e/servers/detail ', '/1.1"" ', '200', '1759', '0.2577472']"
184,nova-api.log.2017-05-14_21:27:04,2017-05-14,19:40:28.026,25746,INFO,nova.osapi_compute.wsgi.server,req-2508a4d2-b47d-4769-9ab8-b882bb85da09 113d3a99c3da401fbd62cc2caa5b96d2 54fadb412c4e40cdbaed9335e4c35a9e - - -,"10.11.10.1 ""GET /v2/54fadb412c4e40cdbaed9335e4c35a9e/servers/detail HTTP/1.1"" status: 200 len: 1893 time: 0.2664421",0,<*> <*> <*>HTTP<*>status: <*> len: <*> time: <*>.<*>,"['10.11.10.1', '""GET /v2/54fadb412c4e40cdbaed9335e4c35a9e/servers/detail ', '/1.1"" ', '200', '1893', '0.2664421']"
185,nova-api.log.2017-05-14_21:27:04,2017-05-14,19:40:28.285,25746,INFO,nova.osapi_compute.wsgi.server,req-5cf43105-d055-4a62-a434-a261f9beba18 113d3a99c3da401fbd62cc2caa5b96d2 54fadb412c4e40cdbaed9335e4c35a9e - - -,"10.11.10.1 ""GET /v2/54fadb412c4e40cdbaed9335e4c35a9e/servers/detail HTTP/1.1"" status: 200 len: 1893 time: 0.2547228",0,<*> <*> <*>HTTP<*>status: <*> len: <*> time: <*>.<*>,"['10.11.10.1', '""GET /v2/54fadb412c4e40cdbaed9335e4c35a9e/servers/detail ', '/1.1"" ', '200', '1893', '0.2547228']"
186,nova-api.log.2017-05-14_21:27:04,2017-05-14,19:40:29.562,25746,INFO,nova.osapi_compute.wsgi.server,req-62f64ac0-82b5-4fa2-985f-49a1263f943d 113d3a99c3da401fbd62cc2caa5b96d2 54fadb412c4e40cdbaed9335e4c35a9e - - -,"10.11.10.1 ""GET /v2/54fadb412c4e40cdbaed9335e4c35a9e/servers/detail HTTP/1.1"" status: 200 len: 1893 time: 0.2719319",0,<*> <*> <*>HTTP<*>status: <*> len: <*> time: <*>.<*>,"['10.11.10.1', '""GET /v2/54fadb412c4e40cdbaed9335e4c35a9e/servers/detail ', '/1.1"" ', '200', '1893', '0.2719319']"
187,nova-api.log.2017-05-14_21:27:04,2017-05-14,19:40:29.821,25746,INFO,nova.osapi_compute.wsgi.server,req-eb101409-91c8-4705-87d2-de40f8504217 113d3a99c3da401fbd62cc2caa5b96d2 54fadb412c4e40cdbaed9335e4c35a9e - - -,"10.11.10.1 ""GET /v2/54fadb412c4e40cdbaed9335e4c35a9e/servers/detail HTTP/1.1"" status: 200 len: 1893 time: 0.2555869",0,<*> <*> <*>HTTP<*>status: <*> len: <*> time: <*>.<*>,"['10.11.10.1', '""GET /v2/54fadb412c4e40cdbaed9335e4c35a9e/servers/detail ', '/1.1"" ', '200', '1893', '0.2555869']"
188,nova-api.log.2017-05-14_21:27:04,2017-05-14,19:40:31.086,25746,INFO,nova.osapi_compute.wsgi.server,req-b07bec1e-3025-4d43-945e-511c16ba1b96 113d3a99c3da401fbd62cc2caa5b96d2 54fadb412c4e40cdbaed9335e4c35a9e - - -,"10.11.10.1 ""GET /v2/54fadb412c4e40cdbaed9335e4c35a9e/servers/detail HTTP/1.1"" status: 200 len: 1893 time: 0.2588739",0,<*> <*> <*>HTTP<*>status: <*> len: <*> time: <*>.<*>,"['10.11.10.1', '""GET /v2/54fadb412c4e40cdbaed9335e4c35a9e/servers/detail ', '/1.1"" ', '200', '1893', '0.2588739']"
189,nova-api.log.2017-05-14_21:27:04,2017-05-14,19:40:31.351,25746,INFO,nova.osapi_compute.wsgi.server,req-f9d54c4b-dd7d-4238-b5d1-33e6172e8a5c 113d3a99c3da401fbd62cc2caa5b96d2 54fadb412c4e40cdbaed9335e4c35a9e - - -,"10.11.10.1 ""GET /v2/54fadb412c4e40cdbaed9335e4c35a9e/servers/detail HTTP/1.1"" status: 200 len: 1893 time: 0.2604060",0,<*> <*> <*>HTTP<*>status: <*> len: <*> time: <*>.<*>,"['10.11.10.1', '""GET /v2/54fadb412c4e40cdbaed9335e4c35a9e/servers/detail ', '/1.1"" ', '200', '1893', '0.2604060']"
190,nova-api.log.2017-05-14_21:27:04,2017-05-14,19:40:32.621,25746,INFO,nova.osapi_compute.wsgi.server,req-a61657f3-6cce-48fa-b2c4-0aceccd243a5 113d3a99c3da401fbd62cc2caa5b96d2 54fadb412c4e40cdbaed9335e4c35a9e - - -,"10.11.10.1 ""GET /v2/54fadb412c4e40cdbaed9335e4c35a9e/servers/detail HTTP/1.1"" status: 200 len: 1893 time: 0.2638562",0,<*> <*> <*>HTTP<*>status: <*> len: <*> time: <*>.<*>,"['10.11.10.1', '""GET /v2/54fadb412c4e40cdbaed9335e4c35a9e/servers/detail ', '/1.1"" ', '200', '1893', '0.2638562']"
191,nova-api.log.2017-05-14_21:27:04,2017-05-14,19:40:32.886,25746,INFO,nova.osapi_compute.wsgi.server,req-ff0773df-c8a6-4313-8d56-2bb89491a129 113d3a99c3da401fbd62cc2caa5b96d2 54fadb412c4e40cdbaed9335e4c35a9e - - -,"10.11.10.1 ""GET /v2/54fadb412c4e40cdbaed9335e4c35a9e/servers/detail HTTP/1.1"" status: 200 len: 1893 time: 0.2610021",0,<*> <*> <*>HTTP<*>status: <*> len: <*> time: <*>.<*>,"['10.11.10.1', '""GET /v2/54fadb412c4e40cdbaed9335e4c35a9e/servers/detail ', '/1.1"" ', '200', '1893', '0.2610021']"
192,nova-api.log.2017-05-14_21:27:04,2017-05-14,19:40:34.175,25746,INFO,nova.osapi_compute.wsgi.server,req-5f1bfb95-87e8-472b-af0a-e63e4f4ea788 113d3a99c3da401fbd62cc2caa5b96d2 54fadb412c4e40cdbaed9335e4c35a9e - - -,"10.11.10.1 ""GET /v2/54fadb412c4e40cdbaed9335e4c35a9e/servers/detail HTTP/1.1"" status: 200 len: 1893 time: 0.2836130",0,<*> <*> <*>HTTP<*>status: <*> len: <*> time: <*>.<*>,"['10.11.10.1', '""GET /v2/54fadb412c4e40cdbaed9335e4c35a9e/servers/detail ', '/1.1"" ', '200', '1893', '0.2836130']"
193,nova-api.log.2017-05-14_21:27:04,2017-05-14,19:40:34.442,25746,INFO,nova.osapi_compute.wsgi.server,req-be78cddb-fe52-408a-9ff4-c8113b6f95e8 113d3a99c3da401fbd62cc2caa5b96d2 54fadb412c4e40cdbaed9335e4c35a9e - - -,"10.11.10.1 ""GET /v2/54fadb412c4e40cdbaed9335e4c35a9e/servers/detail HTTP/1.1"" status: 200 len: 1893 time: 0.2617719",0,<*> <*> <*>HTTP<*>status: <*> len: <*> time: <*>.<*>,"['10.11.10.1', '""GET /v2/54fadb412c4e40cdbaed9335e4c35a9e/servers/detail ', '/1.1"" ', '200', '1893', '0.2617719']"
194,nova-api.log.2017-05-14_21:27:04,2017-05-14,19:40:35.691,25746,INFO,nova.osapi_compute.wsgi.server,req-aae995a8-7826-41f5-8a9e-6da0f58d6da8 113d3a99c3da401fbd62cc2caa5b96d2 54fadb412c4e40cdbaed9335e4c35a9e - - -,"10.11.10.1 ""GET /v2/54fadb412c4e40cdbaed9335e4c35a9e/servers/detail HTTP/1.1"" status: 200 len: 1893 time: 0.2421951",0,<*> <*> <*>HTTP<*>status: <*> len: <*> time: <*>.<*>,"['10.11.10.1', '""GET /v2/54fadb412c4e40cdbaed9335e4c35a9e/servers/detail ', '/1.1"" ', '200', '1893', '0.2421951']"
195,nova-api.log.2017-05-14_21:27:04,2017-05-14,19:40:35.944,25746,INFO,nova.osapi_compute.wsgi.server,req-ff366c33-a570-4856-b253-6109452e3fca 113d3a99c3da401fbd62cc2caa5b96d2 54fadb412c4e40cdbaed9335e4c35a9e - - -,"10.11.10.1 ""GET /v2/54fadb412c4e40cdbaed9335e4c35a9e/servers/detail HTTP/1.1"" status: 200 len: 1893 time: 0.2490258",0,<*> <*> <*>HTTP<*>status: <*> len: <*> time: <*>.<*>,"['10.11.10.1', '""GET /v2/54fadb412c4e40cdbaed9335e4c35a9e/servers/detail ', '/1.1"" ', '200', '1893', '0.2490258']"
196,nova-compute.log.2017-05-14_21:27:09,2017-05-14,19:40:36.826,2931,INFO,nova.virt.libvirt.imagecache,req-addc1839-2ed5-4778-b57e-5854eb7b8b09 - - - - -,image 0673dd71-34c5-4fbb-86c4-40623fbe45b4 at (/var/lib/nova/instances/_base/a489c868f0c37da93b76227c91bb03908ac0e742): checking,5,image <*>dd<*>-<*>c<*>-<*>fbb-<*>c<*>-<*>fbe<*>b<*> at (<*>checking,"['0673', '71-34', '5-4', '86c4', '40623', '45b4', '/var/lib/nova/instances/_base/a489c868f0c37da93b76227c91bb03908ac0e742): ']"
197,nova-compute.log.2017-05-14_21:27:09,2017-05-14,19:40:36.827,2931,INFO,nova.virt.libvirt.imagecache,req-addc1839-2ed5-4778-b57e-5854eb7b8b09 - - - - -,"image 0673dd71-34c5-4fbb-86c4-40623fbe45b4 at (/var/lib/nova/instances/_base/a489c868f0c37da93b76227c91bb03908ac0e742): in use: on this node 1 local, 0 on other nodes sharing this instance storage",6,"image <*>dd<*>-<*>c<*>-<*>fbb-<*>c<*>-<*>fbe<*>b<*> at (<*>in use: on this node <*> local, <*> on other nodes sharing this instance storage","['0673', '71-34', '5-4', '86c4', '40623', '45b4', '/var/lib/nova/instances/_base/a489c868f0c37da93b76227c91bb03908ac0e742): ', '1', '0']"
198,nova-compute.log.2017-05-14_21:27:09,2017-05-14,19:40:37.010,2931,INFO,nova.virt.libvirt.imagecache,req-addc1839-2ed5-4778-b57e-5854eb7b8b09 - - - - -,Active base files: /var/lib/nova/instances/_base/a489c868f0c37da93b76227c91bb03908ac0e742,7,<*> base <*> /var/lib/nova/instances/_base/a<*>c<*>f<*>c<*>da<*>b<*>c<*>bb<*>ac<*>e<*>,"['Active', 'files:', '489c868', '0c37', '93b76227', '91', '03908', '0e742']"
199,nova-api.log.2017-05-14_21:27:04,2017-05-14,19:40:37.205,25746,INFO,nova.osapi_compute.wsgi.server,req-84dbc38c-70ca-48e6-a18d-80f50f32d0a3 113d3a99c3da401fbd62cc2caa5b96d2 54fadb412c4e40cdbaed9335e4c35a9e - - -,"10.11.10.1 ""GET /v2/54fadb412c4e40cdbaed9335e4c35a9e/servers/detail HTTP/1.1"" status: 200 len: 1893 time: 0.2550600",0,<*> <*> <*>HTTP<*>status: <*> len: <*> time: <*>.<*>,"['10.11.10.1', '""GET /v2/54fadb412c4e40cdbaed9335e4c35a9e/servers/detail ', '/1.1"" ', '200', '1893', '0.2550600']"
200,nova-api.log.2017-05-14_21:27:04,2017-05-14,19:40:37.582,25746,INFO,nova.osapi_compute.wsgi.server,req-3e08b489-5b8f-4c7a-86ea-d7a8b154ae46 113d3a99c3da401fbd62cc2caa5b96d2 54fadb412c4e40cdbaed9335e4c35a9e - - -,"10.11.10.1 ""GET /v2/54fadb412c4e40cdbaed9335e4c35a9e/servers/detail HTTP/1.1"" status: 200 len: 1893 time: 0.3730600",0,<*> <*> <*>HTTP<*>status: <*> len: <*> time: <*>.<*>,"['10.11.10.1', '""GET /v2/54fadb412c4e40cdbaed9335e4c35a9e/servers/detail ', '/1.1"" ', '200', '1893', '0.3730600']"
201,nova-compute.log.2017-05-14_21:27:09,2017-05-14,19:40:38.309,2931,INFO,nova.compute.manager,req-3ea4052c-895d-4b64-9e2d-04d64c4d94ab - - - - -,[instance: 874ffb7b-49b3-4c6d-a2e9-35bf272650b1] VM Started (Lifecycle Event),2,<*> VM <*> (Lifecycle Event),"['[instance: 874ffb7b-49b3-4c6d-a2e9-35bf272650b1]', 'Started']"
202,nova-compute.log.2017-05-14_21:27:09,2017-05-14,19:40:38.377,2931,INFO,nova.compute.manager,req-3ea4052c-895d-4b64-9e2d-04d64c4d94ab - - - - -,[instance: 874ffb7b-49b3-4c6d-a2e9-35bf272650b1] VM Paused (Lifecycle Event),2,<*> VM <*> (Lifecycle Event),"['[instance: 874ffb7b-49b3-4c6d-a2e9-35bf272650b1]', 'Paused']"
203,nova-compute.log.2017-05-14_21:27:09,2017-05-14,19:40:38.498,2931,INFO,nova.compute.manager,req-3ea4052c-895d-4b64-9e2d-04d64c4d94ab - - - - -,[instance: 874ffb7b-49b3-4c6d-a2e9-35bf272650b1] During sync_power_state the instance has a pending task (spawning). Skip.,4,<*> During sync_power_state the instance has a pending task (spawning). Skip.,['[instance: 874ffb7b-49b3-4c6d-a2e9-35bf272650b1]']
204,nova-api.log.2017-05-14_21:27:04,2017-05-14,19:40:38.846,25746,INFO,nova.osapi_compute.wsgi.server,req-27a1e6fa-a9af-40c7-afed-3cbbe37f7606 113d3a99c3da401fbd62cc2caa5b96d2 54fadb412c4e40cdbaed9335e4c35a9e - - -,"10.11.10.1 ""GET /v2/54fadb412c4e40cdbaed9335e4c35a9e/servers/detail HTTP/1.1"" status: 200 len: 1893 time: 0.2589939",0,<*> <*> <*>HTTP<*>status: <*> len: <*> time: <*>.<*>,"['10.11.10.1', '""GET /v2/54fadb412c4e40cdbaed9335e4c35a9e/servers/detail ', '/1.1"" ', '200', '1893', '0.2589939']"
205,nova-api.log.2017-05-14_21:27:04,2017-05-14,19:40:39.110,25746,INFO,nova.osapi_compute.wsgi.server,req-9dfdce58-75ff-479b-9e86-1cd5a400bf45 113d3a99c3da401fbd62cc2caa5b96d2 54fadb412c4e40cdbaed9335e4c35a9e - - -,"10.11.10.1 ""GET /v2/54fadb412c4e40cdbaed9335e4c35a9e/servers/detail HTTP/1.1"" status: 200 len: 1893 time: 0.2607501",0,<*> <*> <*>HTTP<*>status: <*> len: <*> time: <*>.<*>,"['10.11.10.1', '""GET /v2/54fadb412c4e40cdbaed9335e4c35a9e/servers/detail ', '/1.1"" ', '200', '1893', '0.2607501']"
206,nova-api.log.2017-05-14_21:27:04,2017-05-14,19:40:40.382,25746,INFO,nova.osapi_compute.wsgi.server,req-6d7110d7-bac0-468b-98ff-5f3957d4b913 113d3a99c3da401fbd62cc2caa5b96d2 54fadb412c4e40cdbaed9335e4c35a9e - - -,"10.11.10.1 ""GET /v2/54fadb412c4e40cdbaed9335e4c35a9e/servers/detail HTTP/1.1"" status: 200 len: 1893 time: 0.2653611",0,<*> <*> <*>HTTP<*>status: <*> len: <*> time: <*>.<*>,"['10.11.10.1', '""GET /v2/54fadb412c4e40cdbaed9335e4c35a9e/servers/detail ', '/1.1"" ', '200', '1893', '0.2653611']"
207,nova-api.log.2017-05-14_21:27:04,2017-05-14,19:40:40.635,25746,INFO,nova.osapi_compute.wsgi.server,req-7900fc6b-bf9f-49c5-acd6-b6a74bc0bcc2 113d3a99c3da401fbd62cc2caa5b96d2 54fadb412c4e40cdbaed9335e4c35a9e - - -,"10.11.10.1 ""GET /v2/54fadb412c4e40cdbaed9335e4c35a9e/servers/detail HTTP/1.1"" status: 200 len: 1893 time: 0.2494760",0,<*> <*> <*>HTTP<*>status: <*> len: <*> time: <*>.<*>,"['10.11.10.1', '""GET /v2/54fadb412c4e40cdbaed9335e4c35a9e/servers/detail ', '/1.1"" ', '200', '1893', '0.2494760']"
208,nova-api.log.2017-05-14_21:27:04,2017-05-14,19:40:41.924,25746,INFO,nova.osapi_compute.wsgi.server,req-505b6809-7f47-48e4-a3dc-a087448007d1 113d3a99c3da401fbd62cc2caa5b96d2 54fadb412c4e40cdbaed9335e4c35a9e - - -,"10.11.10.1 ""GET /v2/54fadb412c4e40cdbaed9335e4c35a9e/servers/detail HTTP/1.1"" status: 200 len: 1893 time: 0.2838571",0,<*> <*> <*>HTTP<*>status: <*> len: <*> time: <*>.<*>,"['10.11.10.1', '""GET /v2/54fadb412c4e40cdbaed9335e4c35a9e/servers/detail ', '/1.1"" ', '200', '1893', '0.2838571']"
209,nova-compute.log.2017-05-14_21:27:09,2017-05-14,19:40:42.057,2931,INFO,nova.virt.libvirt.imagecache,req-addc1839-2ed5-4778-b57e-5854eb7b8b09 - - - - -,image 0673dd71-34c5-4fbb-86c4-40623fbe45b4 at (/var/lib/nova/instances/_base/a489c868f0c37da93b76227c91bb03908ac0e742): checking,5,image <*>dd<*>-<*>c<*>-<*>fbb-<*>c<*>-<*>fbe<*>b<*> at (<*>checking,"['0673', '71-34', '5-4', '86c4', '40623', '45b4', '/var/lib/nova/instances/_base/a489c868f0c37da93b76227c91bb03908ac0e742): ']"
210,nova-compute.log.2017-05-14_21:27:09,2017-05-14,19:40:42.058,2931,INFO,nova.virt.libvirt.imagecache,req-addc1839-2ed5-4778-b57e-5854eb7b8b09 - - - - -,"image 0673dd71-34c5-4fbb-86c4-40623fbe45b4 at (/var/lib/nova/instances/_base/a489c868f0c37da93b76227c91bb03908ac0e742): in use: on this node 1 local, 0 on other nodes sharing this instance storage",6,"image <*>dd<*>-<*>c<*>-<*>fbb-<*>c<*>-<*>fbe<*>b<*> at (<*>in use: on this node <*> local, <*> on other nodes sharing this instance storage","['0673', '71-34', '5-4', '86c4', '40623', '45b4', '/var/lib/nova/instances/_base/a489c868f0c37da93b76227c91bb03908ac0e742): ', '1', '0']"
211,nova-api.log.2017-05-14_21:27:04,2017-05-14,19:40:42.196,25746,INFO,nova.osapi_compute.wsgi.server,req-07182b45-83a7-4a71-8730-5658e33767a3 113d3a99c3da401fbd62cc2caa5b96d2 54fadb412c4e40cdbaed9335e4c35a9e - - -,"10.11.10.1 ""GET /v2/54fadb412c4e40cdbaed9335e4c35a9e/servers/detail HTTP/1.1"" status: 200 len: 1893 time: 0.2668889",0,<*> <*> <*>HTTP<*>status: <*> len: <*> time: <*>.<*>,"['10.11.10.1', '""GET /v2/54fadb412c4e40cdbaed9335e4c35a9e/servers/detail ', '/1.1"" ', '200', '1893', '0.2668889']"
212,nova-compute.log.2017-05-14_21:27:09,2017-05-14,19:40:42.232,2931,INFO,nova.virt.libvirt.imagecache,req-addc1839-2ed5-4778-b57e-5854eb7b8b09 - - - - -,Active base files: /var/lib/nova/instances/_base/a489c868f0c37da93b76227c91bb03908ac0e742,7,<*> base <*> /var/lib/nova/instances/_base/a<*>c<*>f<*>c<*>da<*>b<*>c<*>bb<*>ac<*>e<*>,"['Active', 'files:', '489c868', '0c37', '93b76227', '91', '03908', '0e742']"
213,nova-api.log.2017-05-14_21:27:04,2017-05-14,19:40:43.652,25746,INFO,nova.osapi_compute.wsgi.server,req-ea4f04ad-54ae-4b40-9a28-4af338b7696b 113d3a99c3da401fbd62cc2caa5b96d2 54fadb412c4e40cdbaed9335e4c35a9e - - -,"10.11.10.1 ""GET /v2/54fadb412c4e40cdbaed9335e4c35a9e/servers/detail HTTP/1.1"" status: 200 len: 1893 time: 0.4501669",0,<*> <*> <*>HTTP<*>status: <*> len: <*> time: <*>.<*>,"['10.11.10.1', '""GET /v2/54fadb412c4e40cdbaed9335e4c35a9e/servers/detail ', '/1.1"" ', '200', '1893', '0.4501669']"
214,nova-api.log.2017-05-14_21:27:04,2017-05-14,19:40:43.913,25746,INFO,nova.osapi_compute.wsgi.server,req-3b01d2bd-a37f-478a-b6b1-8ac41ea4c63c 113d3a99c3da401fbd62cc2caa5b96d2 54fadb412c4e40cdbaed9335e4c35a9e - - -,"10.11.10.1 ""GET /v2/54fadb412c4e40cdbaed9335e4c35a9e/servers/detail HTTP/1.1"" status: 200 len: 1893 time: 0.2564249",0,<*> <*> <*>HTTP<*>status: <*> len: <*> time: <*>.<*>,"['10.11.10.1', '""GET /v2/54fadb412c4e40cdbaed9335e4c35a9e/servers/detail ', '/1.1"" ', '200', '1893', '0.2564249']"
215,nova-api.log.2017-05-14_21:27:04,2017-05-14,19:40:45.177,25746,INFO,nova.osapi_compute.wsgi.server,req-b69b71e9-a6cd-445d-9c9c-c5b4a7aa9a6b 113d3a99c3da401fbd62cc2caa5b96d2 54fadb412c4e40cdbaed9335e4c35a9e - - -,"10.11.10.1 ""GET /v2/54fadb412c4e40cdbaed9335e4c35a9e/servers/detail HTTP/1.1"" status: 200 len: 1893 time: 0.2584901",0,<*> <*> <*>HTTP<*>status: <*> len: <*> time: <*>.<*>,"['10.11.10.1', '""GET /v2/54fadb412c4e40cdbaed9335e4c35a9e/servers/detail ', '/1.1"" ', '200', '1893', '0.2584901']"
216,nova-compute.log.2017-05-14_21:27:09,2017-05-14,19:40:45.363,2931,INFO,nova.virt.libvirt.imagecache,req-addc1839-2ed5-4778-b57e-5854eb7b8b09 - - - - -,image 0673dd71-34c5-4fbb-86c4-40623fbe45b4 at (/var/lib/nova/instances/_base/a489c868f0c37da93b76227c91bb03908ac0e742): checking,5,image <*>dd<*>-<*>c<*>-<*>fbb-<*>c<*>-<*>fbe<*>b<*> at (<*>checking,"['0673', '71-34', '5-4', '86c4', '40623', '45b4', '/var/lib/nova/instances/_base/a489c868f0c37da93b76227c91bb03908ac0e742): ']"
217,nova-compute.log.2017-05-14_21:27:09,2017-05-14,19:40:45.364,2931,INFO,nova.virt.libvirt.imagecache,req-addc1839-2ed5-4778-b57e-5854eb7b8b09 - - - - -,"image 0673dd71-34c5-4fbb-86c4-40623fbe45b4 at (/var/lib/nova/instances/_base/a489c868f0c37da93b76227c91bb03908ac0e742): in use: on this node 1 local, 0 on other nodes sharing this instance storage",6,"image <*>dd<*>-<*>c<*>-<*>fbb-<*>c<*>-<*>fbe<*>b<*> at (<*>in use: on this node <*> local, <*> on other nodes sharing this instance storage","['0673', '71-34', '5-4', '86c4', '40623', '45b4', '/var/lib/nova/instances/_base/a489c868f0c37da93b76227c91bb03908ac0e742): ', '1', '0']"
218,nova-api.log.2017-05-14_21:27:04,2017-05-14,19:40:45.403,25743,INFO,nova.api.openstack.compute.server_external_events,req-f75e9d87-af64-4167-b081-1cdd70e14065 f7b8d1f1d4d44643b07fa10ca7d021fb e9746973ac574c6b8a9e8857f56a7608 - - -,Creating event network-vif-plugged:16fc4e73-0337-457f-b527-b9bee94adc52 for instance 874ffb7b-49b3-4c6d-a2e9-35bf272650b1,8,Creating event <*> for instance <*>,"['network-vif-plugged:16fc4e73-0337-457f-b527-b9bee94adc52', '874ffb7b-49b3-4c6d-a2e9-35bf272650b1']"
219,nova-api.log.2017-05-14_21:27:04,2017-05-14,19:40:45.409,25743,INFO,nova.osapi_compute.wsgi.server,req-f75e9d87-af64-4167-b081-1cdd70e14065 f7b8d1f1d4d44643b07fa10ca7d021fb e9746973ac574c6b8a9e8857f56a7608 - - -,"10.11.10.1 ""POST /v2/e9746973ac574c6b8a9e8857f56a7608/os-server-external-events HTTP/1.1"" status: 200 len: 380 time: 0.0994070",0,<*> <*> <*>HTTP<*>status: <*> len: <*> time: <*>.<*>,"['10.11.10.1', '""POST /v2/e9746973ac574c6b8a9e8857f56a7608/os-server-external-events ', '/1.1"" ', '200', '380', '0.0994070']"
220,nova-compute.log.2017-05-14_21:27:09,2017-05-14,19:40:45.419,2931,INFO,nova.compute.manager,req-3ea4052c-895d-4b64-9e2d-04d64c4d94ab - - - - -,[instance: 874ffb7b-49b3-4c6d-a2e9-35bf272650b1] VM Resumed (Lifecycle Event),2,<*> VM <*> (Lifecycle Event),"['[instance: 874ffb7b-49b3-4c6d-a2e9-35bf272650b1]', 'Resumed']"
221,nova-compute.log.2017-05-14_21:27:09,2017-05-14,19:40:45.431,2931,INFO,nova.virt.libvirt.driver,-,[instance: 874ffb7b-49b3-4c6d-a2e9-35bf272650b1] Instance spawned successfully.,9,<*> Instance <*> successfully.,"['[instance: 874ffb7b-49b3-4c6d-a2e9-35bf272650b1]', 'spawned']"
222,nova-compute.log.2017-05-14_21:27:09,2017-05-14,19:40:45.431,2931,INFO,nova.compute.manager,req-acd3afcf-5f54-4741-91f5-588fcfa08136 113d3a99c3da401fbd62cc2caa5b96d2 54fadb412c4e40cdbaed9335e4c35a9e - - -,[instance: 874ffb7b-49b3-4c6d-a2e9-35bf272650b1] Took 19.99 seconds to spawn the instance on the hypervisor.,10,<*> Took <*>.<*> seconds to <*> the instance on the hypervisor.,"['[instance: 874ffb7b-49b3-4c6d-a2e9-35bf272650b1]', '19.99', 'spawn']"
223,nova-api.log.2017-05-14_21:27:04,2017-05-14,19:40:45.467,25746,INFO,nova.osapi_compute.wsgi.server,req-19354bee-2294-4097-a0fd-b0fc51a5106f 113d3a99c3da401fbd62cc2caa5b96d2 54fadb412c4e40cdbaed9335e4c35a9e - - -,"10.11.10.1 ""GET /v2/54fadb412c4e40cdbaed9335e4c35a9e/servers/detail HTTP/1.1"" status: 200 len: 1893 time: 0.2851951",0,<*> <*> <*>HTTP<*>status: <*> len: <*> time: <*>.<*>,"['10.11.10.1', '""GET /v2/54fadb412c4e40cdbaed9335e4c35a9e/servers/detail ', '/1.1"" ', '200', '1893', '0.2851951']"
224,nova-compute.log.2017-05-14_21:27:09,2017-05-14,19:40:45.550,2931,INFO,nova.virt.libvirt.imagecache,req-addc1839-2ed5-4778-b57e-5854eb7b8b09 - - - - -,Active base files: /var/lib/nova/instances/_base/a489c868f0c37da93b76227c91bb03908ac0e742,7,<*> base <*> /var/lib/nova/instances/_base/a<*>c<*>f<*>c<*>da<*>b<*>c<*>bb<*>ac<*>e<*>,"['Active', 'files:', '489c868', '0c37', '93b76227', '91', '03908', '0e742']"
225,nova-compute.log.2017-05-14_21:27:09,2017-05-14,19:40:45.579,2931,INFO,nova.compute.manager,req-3ea4052c-895d-4b64-9e2d-04d64c4d94ab - - - - -,[instance: 874ffb7b-49b3-4c6d-a2e9-35bf272650b1] VM Resumed (Lifecycle Event),2,<*> VM <*> (Lifecycle Event),"['[instance: 874ffb7b-49b3-4c6d-a2e9-35bf272650b1]', 'Resumed']"
226,nova-compute.log.2017-05-14_21:27:09,2017-05-14,19:40:45.588,2931,INFO,nova.compute.manager,req-acd3afcf-5f54-4741-91f5-588fcfa08136 113d3a99c3da401fbd62cc2caa5b96d2 54fadb412c4e40cdbaed9335e4c35a9e - - -,[instance: 874ffb7b-49b3-4c6d-a2e9-35bf272650b1] Took 20.77 seconds to build instance.,11,<*> Took <*>.<*> seconds to build instance.,"['[instance: 874ffb7b-49b3-4c6d-a2e9-35bf272650b1]', '20.77']"
227,nova-api.log.2017-05-14_21:27:04,2017-05-14,19:40:46.752,25746,INFO,nova.osapi_compute.wsgi.server,req-a5e8c03d-55dd-47e8-a3c2-1de2c61cedd4 113d3a99c3da401fbd62cc2caa5b96d2 54fadb412c4e40cdbaed9335e4c35a9e - - -,"10.11.10.1 ""GET /v2/54fadb412c4e40cdbaed9335e4c35a9e/servers/detail HTTP/1.1"" status: 200 len: 1910 time: 0.2796679",0,<*> <*> <*>HTTP<*>status: <*> len: <*> time: <*>.<*>,"['10.11.10.1', '""GET /v2/54fadb412c4e40cdbaed9335e4c35a9e/servers/detail ', '/1.1"" ', '200', '1910', '0.2796679']"
228,nova-api.log.2017-05-14_21:27:04,2017-05-14,19:40:47.023,25746,INFO,nova.osapi_compute.wsgi.server,req-5e9b9eaa-d7f2-4818-9c29-78cf7b317174 113d3a99c3da401fbd62cc2caa5b96d2 54fadb412c4e40cdbaed9335e4c35a9e - - -,"10.11.10.1 ""GET /v2/54fadb412c4e40cdbaed9335e4c35a9e/servers/detail HTTP/1.1"" status: 200 len: 1910 time: 0.2670581",0,<*> <*> <*>HTTP<*>status: <*> len: <*> time: <*>.<*>,"['10.11.10.1', '""GET /v2/54fadb412c4e40cdbaed9335e4c35a9e/servers/detail ', '/1.1"" ', '200', '1910', '0.2670581']"
229,nova-scheduler.log.2017-05-14_21:27:04,2017-05-14,19:40:50.128,25998,INFO,nova.scheduler.host_manager,req-7c8dcf36-20e9-477c-a826-26f875a07800 - - - - -,Successfully synced instances from host 'cp-1.slowvm1.tcloud-pg0.utah.cloudlab.us'.,27,Successfully synced instances from host 'cp-<*>.slowvm<*>.tcloud-pg<*>.utah.cloudlab.us'.,"['1', '1', '0']"
230,nova-compute.log.2017-05-14_21:27:09,2017-05-14,19:40:50.176,2931,INFO,nova.virt.libvirt.imagecache,req-addc1839-2ed5-4778-b57e-5854eb7b8b09 - - - - -,image 0673dd71-34c5-4fbb-86c4-40623fbe45b4 at (/var/lib/nova/instances/_base/a489c868f0c37da93b76227c91bb03908ac0e742): checking,5,image <*>dd<*>-<*>c<*>-<*>fbb-<*>c<*>-<*>fbe<*>b<*> at (<*>checking,"['0673', '71-34', '5-4', '86c4', '40623', '45b4', '/var/lib/nova/instances/_base/a489c868f0c37da93b76227c91bb03908ac0e742): ']"
231,nova-compute.log.2017-05-14_21:27:09,2017-05-14,19:40:50.177,2931,INFO,nova.virt.libvirt.imagecache,req-addc1839-2ed5-4778-b57e-5854eb7b8b09 - - - - -,"image 0673dd71-34c5-4fbb-86c4-40623fbe45b4 at (/var/lib/nova/instances/_base/a489c868f0c37da93b76227c91bb03908ac0e742): in use: on this node 1 local, 0 on other nodes sharing this instance storage",6,"image <*>dd<*>-<*>c<*>-<*>fbb-<*>c<*>-<*>fbe<*>b<*> at (<*>in use: on this node <*> local, <*> on other nodes sharing this instance storage","['0673', '71-34', '5-4', '86c4', '40623', '45b4', '/var/lib/nova/instances/_base/a489c868f0c37da93b76227c91bb03908ac0e742): ', '1', '0']"
232,nova-compute.log.2017-05-14_21:27:09,2017-05-14,19:40:50.355,2931,INFO,nova.virt.libvirt.imagecache,req-addc1839-2ed5-4778-b57e-5854eb7b8b09 - - - - -,Active base files: /var/lib/nova/instances/_base/a489c868f0c37da93b76227c91bb03908ac0e742,7,<*> base <*> /var/lib/nova/instances/_base/a<*>c<*>f<*>c<*>da<*>b<*>c<*>bb<*>ac<*>e<*>,"['Active', 'files:', '489c868', '0c37', '93b76227', '91', '03908', '0e742']"
233,nova-compute.log.2017-05-14_21:27:09,2017-05-14,19:40:50.400,2931,INFO,nova.compute.resource_tracker,req-addc1839-2ed5-4778-b57e-5854eb7b8b09 - - - - -,Auditing locally available compute resources for node cp-1.slowvm1.tcloud-pg0.utah.cloudlab.us,23,Auditing locally available compute resources for node cp-<*>.slowvm<*>.tcloud-pg<*>.utah.cloudlab.us,"['1', '1', '0']"
234,nova-compute.log.2017-05-14_21:27:09,2017-05-14,19:40:50.924,2931,INFO,nova.compute.resource_tracker,req-addc1839-2ed5-4778-b57e-5854eb7b8b09 - - - - -,"Total usable vcpus: 16, total allocated vcpus: 1",24,"Total usable vcpus: <*>, total allocated vcpus: <*>","['16', '1']"
235,nova-compute.log.2017-05-14_21:27:09,2017-05-14,19:40:50.925,2931,INFO,nova.compute.resource_tracker,req-addc1839-2ed5-4778-b57e-5854eb7b8b09 - - - - -,Final resource view: name=cp-1.slowvm1.tcloud-pg0.utah.cloudlab.us phys_ram=64172MB used_ram=2560MB phys_disk=15GB used_disk=20GB total_vcpus=16 used_vcpus=1 pci_stats=[],25,Final resource view: name=cp-<*>.slowvm<*>.tcloud-pg<*>.utah.cloudlab.us phys_ram=<*>MB used_ram=<*>MB phys_disk=<*>GB used_disk=<*>GB total_vcpus=<*> used_vcpus=<*> pci_stats=<*>,"['1', '1', '0', '64172', '2560', '15', '20', '16', '1', '[]']"
236,nova-compute.log.2017-05-14_21:27:09,2017-05-14,19:40:50.983,2931,INFO,nova.compute.resource_tracker,req-addc1839-2ed5-4778-b57e-5854eb7b8b09 - - - - -,Compute_service record updated for cp-1.slowvm1.tcloud-pg0.utah.cloudlab.us:cp-1.slowvm1.tcloud-pg0.utah.cloudlab.us,26,Compute_service record updated for cp-<*>.slowvm<*>.tcloud-pg<*>.utah.cloudlab.us:cp-<*>.slowvm<*>.tcloud-pg<*>.utah.cloudlab.us,"['1', '1', '0', '1', '1', '0']"
237,nova-api.log.2017-05-14_21:27:04,2017-05-14,19:40:51.868,25779,INFO,nova.metadata.wsgi.server,req-851d14d0-fb7e-45e1-b223-87e7f6ff4479 - - - - -,"10.11.11.227,10.11.10.1 ""GET /openstack/2012-08-10/meta_data.json HTTP/1.1"" status: 200 len: 264 time: 0.2501960",0,<*> <*> <*>HTTP<*>status: <*> len: <*> time: <*>.<*>,"['10.11.11.227,10.11.10.1', '""GET /openstack/2012-08-10/meta_data.json ', '/1.1"" ', '200', '264', '0.2501960']"
238,nova-api.log.2017-05-14_21:27:04,2017-05-14,19:40:52.174,25788,INFO,nova.metadata.wsgi.server,req-f045f61b-b28c-4abe-88fd-70ead0b16d55 - - - - -,"10.11.11.227,10.11.10.1 ""GET /openstack/2013-10-17 HTTP/1.1"" status: 200 len: 157 time: 0.2211330",0,<*> <*> <*>HTTP<*>status: <*> len: <*> time: <*>.<*>,"['10.11.11.227,10.11.10.1', '""GET /openstack/2013-10-17 ', '/1.1"" ', '200', '157', '0.2211330']"
239,nova-api.log.2017-05-14_21:27:04,2017-05-14,19:40:52.186,25788,INFO,nova.metadata.wsgi.server,-,"10.11.11.227,10.11.10.1 ""GET /openstack/2013-10-17/vendor_data.json HTTP/1.1"" status: 200 len: 124 time: 0.0006011",0,<*> <*> <*>HTTP<*>status: <*> len: <*> time: <*>.<*>,"['10.11.11.227,10.11.10.1', '""GET /openstack/2013-10-17/vendor_data.json ', '/1.1"" ', '200', '124', '0.0006011']"
240,nova-api.log.2017-05-14_21:27:04,2017-05-14,19:40:52.422,25799,INFO,nova.metadata.wsgi.server,req-bcbe5053-554d-4f5b-b8f6-3ae1ddb6e8f3 - - - - -,"10.11.11.227,10.11.10.1 ""GET /openstack/2013-10-17/vendor_data.json HTTP/1.1"" status: 200 len: 124 time: 0.2258129",0,<*> <*> <*>HTTP<*>status: <*> len: <*> time: <*>.<*>,"['10.11.11.227,10.11.10.1', '""GET /openstack/2013-10-17/vendor_data.json ', '/1.1"" ', '200', '124', '0.2258129']"
241,nova-api.log.2017-05-14_21:27:04,2017-05-14,19:40:52.741,25776,INFO,nova.metadata.wsgi.server,req-a350afd1-3803-4e20-ad2b-66ab6bb0a174 - - - - -,"10.11.11.227,10.11.10.1 ""GET /openstack/2013-10-17/user_data HTTP/1.1"" status: 404 len: 176 time: 0.2283220",0,<*> <*> <*>HTTP<*>status: <*> len: <*> time: <*>.<*>,"['10.11.11.227,10.11.10.1', '""GET /openstack/2013-10-17/user_data ', '/1.1"" ', '404', '176', '0.2283220']"
242,nova-api.log.2017-05-14_21:27:04,2017-05-14,19:40:53.160,25791,INFO,nova.metadata.wsgi.server,req-8319c412-7fc5-454c-87cd-c8ce4f9e9437 - - - - -,"10.11.11.227,10.11.10.1 ""GET /openstack/2013-10-17/meta_data.json HTTP/1.1"" status: 200 len: 967 time: 0.4058390",0,<*> <*> <*>HTTP<*>status: <*> len: <*> time: <*>.<*>,"['10.11.11.227,10.11.10.1', '""GET /openstack/2013-10-17/meta_data.json ', '/1.1"" ', '200', '967', '0.4058390']"
243,nova-api.log.2017-05-14_21:27:04,2017-05-14,19:40:53.175,25791,INFO,nova.metadata.wsgi.server,-,"10.11.11.227,10.11.10.1 ""GET /openstack/2013-10-17/meta_data.json HTTP/1.1"" status: 200 len: 967 time: 0.0010350",0,<*> <*> <*>HTTP<*>status: <*> len: <*> time: <*>.<*>,"['10.11.11.227,10.11.10.1', '""GET /openstack/2013-10-17/meta_data.json ', '/1.1"" ', '200', '967', '0.0010350']"
244,nova-api.log.2017-05-14_21:27:04,2017-05-14,19:40:53.188,25788,INFO,nova.metadata.wsgi.server,-,"10.11.11.227,10.11.10.1 ""GET /latest/meta-data/ HTTP/1.1"" status: 200 len: 328 time: 0.0009410",0,<*> <*> <*>HTTP<*>status: <*> len: <*> time: <*>.<*>,"['10.11.11.227,10.11.10.1', '""GET /latest/meta-data/ ', '/1.1"" ', '200', '328', '0.0009410']"
245,nova-api.log.2017-05-14_21:27:04,2017-05-14,19:40:53.204,25799,INFO,nova.metadata.wsgi.server,-,"10.11.11.227,10.11.10.1 ""GET /latest/meta-data/block-device-mapping/ HTTP/1.1"" status: 200 len: 124 time: 0.0010040",0,<*> <*> <*>HTTP<*>status: <*> len: <*> time: <*>.<*>,"['10.11.11.227,10.11.10.1', '""GET /latest/meta-data/block-device-mapping/ ', '/1.1"" ', '200', '124', '0.0010040']"
246,nova-api.log.2017-05-14_21:27:04,2017-05-14,19:40:53.284,25746,INFO,nova.osapi_compute.wsgi.server,req-b61b197c-491d-40cd-b413-32554bfa9e4c 113d3a99c3da401fbd62cc2caa5b96d2 54fadb412c4e40cdbaed9335e4c35a9e - - -,"10.11.10.1 ""DELETE /v2/54fadb412c4e40cdbaed9335e4c35a9e/servers/874ffb7b-49b3-4c6d-a2e9-35bf272650b1 HTTP/1.1"" status: 204 len: 203 time: 0.2537560",0,<*> <*> <*>HTTP<*>status: <*> len: <*> time: <*>.<*>,"['10.11.10.1', '""DELETE /v2/54fadb412c4e40cdbaed9335e4c35a9e/servers/874ffb7b-49b3-4c6d-a2e9-35bf272650b1 ', '/1.1"" ', '204', '203', '0.2537560']"
247,nova-compute.log.2017-05-14_21:27:09,2017-05-14,19:40:53.317,2931,INFO,nova.compute.manager,req-b61b197c-491d-40cd-b413-32554bfa9e4c 113d3a99c3da401fbd62cc2caa5b96d2 54fadb412c4e40cdbaed9335e4c35a9e - - -,[instance: 874ffb7b-49b3-4c6d-a2e9-35bf272650b1] Terminating instance,12,<*> Terminating instance,['[instance: 874ffb7b-49b3-4c6d-a2e9-35bf272650b1]']
248,nova-api.log.2017-05-14_21:27:04,2017-05-14,19:40:53.450,25797,INFO,nova.metadata.wsgi.server,req-18488248-ce3d-4a80-a752-f5e355523f7a - - - - -,"10.11.11.227,10.11.10.1 ""GET /latest/meta-data/block-device-mapping/ami HTTP/1.1"" status: 200 len: 119 time: 0.2358849",0,<*> <*> <*>HTTP<*>status: <*> len: <*> time: <*>.<*>,"['10.11.11.227,10.11.10.1', '""GET /latest/meta-data/block-device-mapping/ami ', '/1.1"" ', '200', '119', '0.2358849']"
249,nova-compute.log.2017-05-14_21:27:09,2017-05-14,19:40:53.534,2931,INFO,nova.virt.libvirt.driver,-,[instance: 874ffb7b-49b3-4c6d-a2e9-35bf272650b1] Instance destroyed successfully.,9,<*> Instance <*> successfully.,"['[instance: 874ffb7b-49b3-4c6d-a2e9-35bf272650b1]', 'destroyed']"
250,nova-api.log.2017-05-14_21:27:04,2017-05-14,19:40:53.598,25746,INFO,nova.osapi_compute.wsgi.server,req-6cc9431b-65b2-4e99-b773-7f26b7ea100b 113d3a99c3da401fbd62cc2caa5b96d2 54fadb412c4e40cdbaed9335e4c35a9e - - -,"10.11.10.1 ""GET /v2/54fadb412c4e40cdbaed9335e4c35a9e/servers/detail HTTP/1.1"" status: 200 len: 1916 time: 0.3093839",0,<*> <*> <*>HTTP<*>status: <*> len: <*> time: <*>.<*>,"['10.11.10.1', '""GET /v2/54fadb412c4e40cdbaed9335e4c35a9e/servers/detail ', '/1.1"" ', '200', '1916', '0.3093839']"
251,nova-compute.log.2017-05-14_21:27:09,2017-05-14,19:40:54.240,2931,INFO,nova.virt.libvirt.driver,req-b61b197c-491d-40cd-b413-32554bfa9e4c 113d3a99c3da401fbd62cc2caa5b96d2 54fadb412c4e40cdbaed9335e4c35a9e - - -,[instance: 874ffb7b-49b3-4c6d-a2e9-35bf272650b1] Deleting instance files /var/lib/nova/instances/874ffb7b-49b3-4c6d-a2e9-35bf272650b1_del,13,<*> Deleting instance files <*>,"['[instance: 874ffb7b-49b3-4c6d-a2e9-35bf272650b1]', '/var/lib/nova/instances/874ffb7b-49b3-4c6d-a2e9-35bf272650b1_del']"
252,nova-compute.log.2017-05-14_21:27:09,2017-05-14,19:40:54.242,2931,INFO,nova.virt.libvirt.driver,req-b61b197c-491d-40cd-b413-32554bfa9e4c 113d3a99c3da401fbd62cc2caa5b96d2 54fadb412c4e40cdbaed9335e4c35a9e - - -,[instance: 874ffb7b-49b3-4c6d-a2e9-35bf272650b1] Deletion of /var/lib/nova/instances/874ffb7b-49b3-4c6d-a2e9-35bf272650b1_del complete,14,<*> Deletion of <*>complete,"['[instance: 874ffb7b-49b3-4c6d-a2e9-35bf272650b1]', '/var/lib/nova/instances/874ffb7b-49b3-4c6d-a2e9-35bf272650b1_del ']"
253,nova-compute.log.2017-05-14_21:27:09,2017-05-14,19:40:54.368,2931,INFO,nova.compute.manager,req-b61b197c-491d-40cd-b413-32554bfa9e4c 113d3a99c3da401fbd62cc2caa5b96d2 54fadb412c4e40cdbaed9335e4c35a9e - - -,[instance: 874ffb7b-49b3-4c6d-a2e9-35bf272650b1] Took 1.05 seconds to destroy the instance on the hypervisor.,10,<*> Took <*>.<*> seconds to <*> the instance on the hypervisor.,"['[instance: 874ffb7b-49b3-4c6d-a2e9-35bf272650b1]', '1.05', 'destroy']"
254,nova-api.log.2017-05-14_21:27:04,2017-05-14,19:40:54.849,25746,INFO,nova.osapi_compute.wsgi.server,req-8d1a7df9-f5f1-420e-88c9-1750dacc215a 113d3a99c3da401fbd62cc2caa5b96d2 54fadb412c4e40cdbaed9335e4c35a9e - - -,"10.11.10.1 ""GET /v2/54fadb412c4e40cdbaed9335e4c35a9e/servers/detail HTTP/1.1"" status: 200 len: 1874 time: 0.2449000",0,<*> <*> <*>HTTP<*>status: <*> len: <*> time: <*>.<*>,"['10.11.10.1', '""GET /v2/54fadb412c4e40cdbaed9335e4c35a9e/servers/detail ', '/1.1"" ', '200', '1874', '0.2449000']"
255,nova-compute.log.2017-05-14_21:27:09,2017-05-14,19:40:54.959,2931,INFO,nova.compute.manager,req-b61b197c-491d-40cd-b413-32554bfa9e4c 113d3a99c3da401fbd62cc2caa5b96d2 54fadb412c4e40cdbaed9335e4c35a9e - - -,[instance: 874ffb7b-49b3-4c6d-a2e9-35bf272650b1] Took 0.59 seconds to deallocate network for instance.,15,<*> Took <*>.<*> seconds to deallocate network for instance.,"['[instance: 874ffb7b-49b3-4c6d-a2e9-35bf272650b1]', '0.59']"
256,nova-compute.log.2017-05-14_21:27:09,2017-05-14,19:40:55.147,2931,INFO,nova.virt.libvirt.imagecache,req-addc1839-2ed5-4778-b57e-5854eb7b8b09 - - - - -,image 0673dd71-34c5-4fbb-86c4-40623fbe45b4 at (/var/lib/nova/instances/_base/a489c868f0c37da93b76227c91bb03908ac0e742): checking,5,image <*>dd<*>-<*>c<*>-<*>fbb-<*>c<*>-<*>fbe<*>b<*> at (<*>checking,"['0673', '71-34', '5-4', '86c4', '40623', '45b4', '/var/lib/nova/instances/_base/a489c868f0c37da93b76227c91bb03908ac0e742): ']"
257,nova-compute.log.2017-05-14_21:27:09,2017-05-14,19:40:55.147,2931,INFO,nova.virt.libvirt.imagecache,req-addc1839-2ed5-4778-b57e-5854eb7b8b09 - - - - -,"image 0673dd71-34c5-4fbb-86c4-40623fbe45b4 at (/var/lib/nova/instances/_base/a489c868f0c37da93b76227c91bb03908ac0e742): in use: on this node 1 local, 0 on other nodes sharing this instance storage",6,"image <*>dd<*>-<*>c<*>-<*>fbb-<*>c<*>-<*>fbe<*>b<*> at (<*>in use: on this node <*> local, <*> on other nodes sharing this instance storage","['0673', '71-34', '5-4', '86c4', '40623', '45b4', '/var/lib/nova/instances/_base/a489c868f0c37da93b76227c91bb03908ac0e742): ', '1', '0']"
258,nova-compute.log.2017-05-14_21:27:09,2017-05-14,19:40:55.252,2931,INFO,nova.virt.libvirt.imagecache,req-addc1839-2ed5-4778-b57e-5854eb7b8b09 - - - - -,Active base files: /var/lib/nova/instances/_base/a489c868f0c37da93b76227c91bb03908ac0e742,7,<*> base <*> /var/lib/nova/instances/_base/a<*>c<*>f<*>c<*>da<*>b<*>c<*>bb<*>ac<*>e<*>,"['Active', 'files:', '489c868', '0c37', '93b76227', '91', '03908', '0e742']"
259,nova-api.log.2017-05-14_21:27:04,2017-05-14,19:40:55.953,25746,INFO,nova.osapi_compute.wsgi.server,req-a85de70f-695a-419d-9d6f-f9ef0b9f898e 113d3a99c3da401fbd62cc2caa5b96d2 54fadb412c4e40cdbaed9335e4c35a9e - - -,"10.11.10.1 ""GET /v2/54fadb412c4e40cdbaed9335e4c35a9e/servers/detail HTTP/1.1"" status: 200 len: 211 time: 0.0980690",0,<*> <*> <*>HTTP<*>status: <*> len: <*> time: <*>.<*>,"['10.11.10.1', '""GET /v2/54fadb412c4e40cdbaed9335e4c35a9e/servers/detail ', '/1.1"" ', '200', '211', '0.0980690']"
260,nova-api.log.2017-05-14_21:27:04,2017-05-14,19:40:56.988,25746,INFO,nova.api.openstack.wsgi,req-edc4a529-fe71-4aad-8288-db44e2337a38 f7b8d1f1d4d44643b07fa10ca7d021fb e9746973ac574c6b8a9e8857f56a7608 - - -,HTTP exception thrown: No instances found for any event,16,HTTP exception thrown: No instances found for any event,[]
261,nova-api.log.2017-05-14_21:27:04,2017-05-14,19:40:56.990,25746,INFO,nova.osapi_compute.wsgi.server,req-edc4a529-fe71-4aad-8288-db44e2337a38 f7b8d1f1d4d44643b07fa10ca7d021fb e9746973ac574c6b8a9e8857f56a7608 - - -,"10.11.10.1 ""POST /v2/e9746973ac574c6b8a9e8857f56a7608/os-server-external-events HTTP/1.1"" status: 404 len: 296 time: 0.0880759",0,<*> <*> <*>HTTP<*>status: <*> len: <*> time: <*>.<*>,"['10.11.10.1', '""POST /v2/e9746973ac574c6b8a9e8857f56a7608/os-server-external-events ', '/1.1"" ', '404', '296', '0.0880759']"
262,nova-compute.log.2017-05-14_21:27:09,2017-05-14,19:41:00.280,2931,WARNING,nova.virt.libvirt.imagecache,req-addc1839-2ed5-4778-b57e-5854eb7b8b09 - - - - -,Unknown base file: /var/lib/nova/instances/_base/a489c868f0c37da93b76227c91bb03908ac0e742,7,<*> base <*> /var/lib/nova/instances/_base/a<*>c<*>f<*>c<*>da<*>b<*>c<*>bb<*>ac<*>e<*>,"['Unknown', 'file:', '489c868', '0c37', '93b76227', '91', '03908', '0e742']"
263,nova-compute.log.2017-05-14_21:27:09,2017-05-14,19:41:00.281,2931,INFO,nova.virt.libvirt.imagecache,req-addc1839-2ed5-4778-b57e-5854eb7b8b09 - - - - -,Removable base files: /var/lib/nova/instances/_base/a489c868f0c37da93b76227c91bb03908ac0e742,7,<*> base <*> /var/lib/nova/instances/_base/a<*>c<*>f<*>c<*>da<*>b<*>c<*>bb<*>ac<*>e<*>,"['Removable', 'files:', '489c868', '0c37', '93b76227', '91', '03908', '0e742']"
264,nova-compute.log.2017-05-14_21:27:09,2017-05-14,19:41:00.282,2931,INFO,nova.virt.libvirt.imagecache,req-addc1839-2ed5-4778-b57e-5854eb7b8b09 - - - - -,Removing base or swap file: /var/lib/nova/instances/_base/a489c868f0c37da93b76227c91bb03908ac0e742,17,Removing base or swap file: /var/lib/nova/instances/_base/a<*>c<*>f<*>c<*>da<*>b<*>c<*>bb<*>ac<*>e<*>,"['489c868', '0c37', '93b76227', '91', '03908', '0e742']"
265,nova-api.log.2017-05-14_21:27:04,2017-05-14,19:41:06.761,25746,INFO,nova.osapi_compute.wsgi.server,req-68c3e42e-4a3b-4a49-885e-357ca44c5e62 113d3a99c3da401fbd62cc2caa5b96d2 54fadb412c4e40cdbaed9335e4c35a9e - - -,"10.11.10.1 ""POST /v2/54fadb412c4e40cdbaed9335e4c35a9e/servers HTTP/1.1"" status: 202 len: 733 time: 0.7927699",0,<*> <*> <*>HTTP<*>status: <*> len: <*> time: <*>.<*>,"['10.11.10.1', '""POST /v2/54fadb412c4e40cdbaed9335e4c35a9e/servers ', '/1.1"" ', '202', '733', '0.7927699']"
266,nova-api.log.2017-05-14_21:27:04,2017-05-14,19:41:07.009,25746,INFO,nova.osapi_compute.wsgi.server,req-2d933a32-f45d-46f0-8ddb-ed554615722f 113d3a99c3da401fbd62cc2caa5b96d2 54fadb412c4e40cdbaed9335e4c35a9e - - -,"10.11.10.1 ""GET /v2/54fadb412c4e40cdbaed9335e4c35a9e/servers/detail HTTP/1.1"" status: 200 len: 1583 time: 0.2447140",0,<*> <*> <*>HTTP<*>status: <*> len: <*> time: <*>.<*>,"['10.11.10.1', '""GET /v2/54fadb412c4e40cdbaed9335e4c35a9e/servers/detail ', '/1.1"" ', '200', '1583', '0.2447140']"
267,nova-compute.log.2017-05-14_21:27:09,2017-05-14,19:41:07.044,2931,INFO,nova.compute.claims,req-68c3e42e-4a3b-4a49-885e-357ca44c5e62 113d3a99c3da401fbd62cc2caa5b96d2 54fadb412c4e40cdbaed9335e4c35a9e - - -,"[instance: 748f18b4-88e3-4b60-822a-f2b25fac50b2] Attempting claim: memory 2048 MB, disk 20 GB, vcpus 1 CPU",18,"<*> Attempting claim: memory <*> MB, disk <*> GB, vcpus <*> CPU","['[instance: 748f18b4-88e3-4b60-822a-f2b25fac50b2]', '2048', '20', '1']"
268,nova-compute.log.2017-05-14_21:27:09,2017-05-14,19:41:07.045,2931,INFO,nova.compute.claims,req-68c3e42e-4a3b-4a49-885e-357ca44c5e62 113d3a99c3da401fbd62cc2caa5b96d2 54fadb412c4e40cdbaed9335e4c35a9e - - -,"[instance: 748f18b4-88e3-4b60-822a-f2b25fac50b2] Total memory: 64172 MB, used: 512.00 MB",19,"<*> <*> <*> <*> MB, <*> <*>.<*> MB","['[instance:', '748f18b4-88e3-4b60-822a-f2b25fac50b2] Total memory: 64172', 'used: 512', '00']"
269,nova-compute.log.2017-05-14_21:27:09,2017-05-14,19:41:07.045,2931,INFO,nova.compute.claims,req-68c3e42e-4a3b-4a49-885e-357ca44c5e62 113d3a99c3da401fbd62cc2caa5b96d2 54fadb412c4e40cdbaed9335e4c35a9e - - -,"[instance: 748f18b4-88e3-4b60-822a-f2b25fac50b2] memory limit: 96258.00 MB, free: 95746.00 MB",19,"<*> <*> <*> <*> MB, <*> <*>.<*> MB","['[instance:', '748f18b4-88e3-4b60-822a-f2b25fac50b2] memory limit: 96258.00', 'free: 95746', '00']"
270,nova-compute.log.2017-05-14_21:27:09,2017-05-14,19:41:07.046,2931,INFO,nova.compute.claims,req-68c3e42e-4a3b-4a49-885e-357ca44c5e62 113d3a99c3da401fbd62cc2caa5b96d2 54fadb412c4e40cdbaed9335e4c35a9e - - -,"[instance: 748f18b4-88e3-4b60-822a-f2b25fac50b2] Total disk: 15 GB, used: 0.00 GB",20,<*> Total <*> <*> <*> used: <*>.<*> <*>,"['[instance: 748f18b4-88e3-4b60-822a-f2b25fac50b2]', 'disk:', '15 GB,', '0.00', 'GB']"
271,nova-compute.log.2017-05-14_21:27:09,2017-05-14,19:41:07.046,2931,INFO,nova.compute.claims,req-68c3e42e-4a3b-4a49-885e-357ca44c5e62 113d3a99c3da401fbd62cc2caa5b96d2 54fadb412c4e40cdbaed9335e4c35a9e - - -,"[instance: 748f18b4-88e3-4b60-822a-f2b25fac50b2] disk limit not specified, defaulting to unlimited",21,"<*> <*> limit not specified, defaulting to unlimited",['[instance: 748f18b4-88e3-4b60-822a-f2b25fac50b2] disk']
272,nova-compute.log.2017-05-14_21:27:09,2017-05-14,19:41:07.047,2931,INFO,nova.compute.claims,req-68c3e42e-4a3b-4a49-885e-357ca44c5e62 113d3a99c3da401fbd62cc2caa5b96d2 54fadb412c4e40cdbaed9335e4c35a9e - - -,"[instance: 748f18b4-88e3-4b60-822a-f2b25fac50b2] Total vcpu: 16 VCPU, used: 0.00 VCPU",20,<*> Total <*> <*> <*> used: <*>.<*> <*>,"['[instance: 748f18b4-88e3-4b60-822a-f2b25fac50b2]', 'vcpu:', '16 VCPU,', '0.00', 'VCPU']"
273,nova-compute.log.2017-05-14_21:27:09,2017-05-14,19:41:07.047,2931,INFO,nova.compute.claims,req-68c3e42e-4a3b-4a49-885e-357ca44c5e62 113d3a99c3da401fbd62cc2caa5b96d2 54fadb412c4e40cdbaed9335e4c35a9e - - -,"[instance: 748f18b4-88e3-4b60-822a-f2b25fac50b2] vcpu limit not specified, defaulting to unlimited",21,"<*> <*> limit not specified, defaulting to unlimited",['[instance: 748f18b4-88e3-4b60-822a-f2b25fac50b2] vcpu']
274,nova-compute.log.2017-05-14_21:27:09,2017-05-14,19:41:07.082,2931,INFO,nova.compute.claims,req-68c3e42e-4a3b-4a49-885e-357ca44c5e62 113d3a99c3da401fbd62cc2caa5b96d2 54fadb412c4e40cdbaed9335e4c35a9e - - -,[instance: 748f18b4-88e3-4b60-822a-f2b25fac50b2] Claim successful,22,<*> Claim successful,['[instance: 748f18b4-88e3-4b60-822a-f2b25fac50b2]']
275,nova-api.log.2017-05-14_21:27:04,2017-05-14,19:41:07.206,25746,INFO,nova.osapi_compute.wsgi.server,req-b41d0dcf-b380-4158-867b-202a2ec439ab 113d3a99c3da401fbd62cc2caa5b96d2 54fadb412c4e40cdbaed9335e4c35a9e - - -,"10.11.10.1 ""GET /v2/54fadb412c4e40cdbaed9335e4c35a9e/servers/detail HTTP/1.1"" status: 200 len: 1575 time: 0.1930809",0,<*> <*> <*>HTTP<*>status: <*> len: <*> time: <*>.<*>,"['10.11.10.1', '""GET /v2/54fadb412c4e40cdbaed9335e4c35a9e/servers/detail ', '/1.1"" ', '200', '1575', '0.1930809']"
276,nova-api.log.2017-05-14_21:27:04,2017-05-14,19:41:07.400,25746,INFO,nova.osapi_compute.wsgi.server,req-77a46f0d-0c6e-4974-ad86-11c15e0ab506 113d3a99c3da401fbd62cc2caa5b96d2 54fadb412c4e40cdbaed9335e4c35a9e - - -,"10.11.10.1 ""GET /v2/54fadb412c4e40cdbaed9335e4c35a9e/servers/748f18b4-88e3-4b60-822a-f2b25fac50b2 HTTP/1.1"" status: 200 len: 1708 time: 0.1893930",0,<*> <*> <*>HTTP<*>status: <*> len: <*> time: <*>.<*>,"['10.11.10.1', '""GET /v2/54fadb412c4e40cdbaed9335e4c35a9e/servers/748f18b4-88e3-4b60-822a-f2b25fac50b2 ', '/1.1"" ', '200', '1708', '0.1893930']"
277,nova-compute.log.2017-05-14_21:27:09,2017-05-14,19:41:07.800,2931,INFO,nova.virt.libvirt.driver,req-68c3e42e-4a3b-4a49-885e-357ca44c5e62 113d3a99c3da401fbd62cc2caa5b96d2 54fadb412c4e40cdbaed9335e4c35a9e - - -,[instance: 748f18b4-88e3-4b60-822a-f2b25fac50b2] Creating image,1,<*> Creating image,['[instance: 748f18b4-88e3-4b60-822a-f2b25fac50b2]']
278,nova-api.log.2017-05-14_21:27:04,2017-05-14,19:41:08.681,25746,INFO,nova.osapi_compute.wsgi.server,req-d9c0842d-d3f6-491b-91d6-c060151768f3 113d3a99c3da401fbd62cc2caa5b96d2 54fadb412c4e40cdbaed9335e4c35a9e - - -,"10.11.10.1 ""GET /v2/54fadb412c4e40cdbaed9335e4c35a9e/servers/detail HTTP/1.1"" status: 200 len: 1759 time: 0.2758641",0,<*> <*> <*>HTTP<*>status: <*> len: <*> time: <*>.<*>,"['10.11.10.1', '""GET /v2/54fadb412c4e40cdbaed9335e4c35a9e/servers/detail ', '/1.1"" ', '200', '1759', '0.2758641']"
279,nova-api.log.2017-05-14_21:27:04,2017-05-14,19:41:08.940,25746,INFO,nova.osapi_compute.wsgi.server,req-2c3439a6-d5c3-442a-b8fa-e587b6d6a985 113d3a99c3da401fbd62cc2caa5b96d2 54fadb412c4e40cdbaed9335e4c35a9e - - -,"10.11.10.1 ""GET /v2/54fadb412c4e40cdbaed9335e4c35a9e/servers/detail HTTP/1.1"" status: 200 len: 1759 time: 0.2549481",0,<*> <*> <*>HTTP<*>status: <*> len: <*> time: <*>.<*>,"['10.11.10.1', '""GET /v2/54fadb412c4e40cdbaed9335e4c35a9e/servers/detail ', '/1.1"" ', '200', '1759', '0.2549481']"
280,nova-compute.log.2017-05-14_21:27:09,2017-05-14,19:41:09.297,2931,INFO,nova.compute.manager,-,[instance: 874ffb7b-49b3-4c6d-a2e9-35bf272650b1] VM Stopped (Lifecycle Event),2,<*> VM <*> (Lifecycle Event),"['[instance: 874ffb7b-49b3-4c6d-a2e9-35bf272650b1]', 'Stopped']"
281,nova-api.log.2017-05-14_21:27:04,2017-05-14,19:41:10.204,25746,INFO,nova.osapi_compute.wsgi.server,req-2dda6be4-a452-421a-b3fc-1316ce492c5a 113d3a99c3da401fbd62cc2caa5b96d2 54fadb412c4e40cdbaed9335e4c35a9e - - -,"10.11.10.1 ""GET /v2/54fadb412c4e40cdbaed9335e4c35a9e/servers/detail HTTP/1.1"" status: 200 len: 1893 time: 0.2581091",0,<*> <*> <*>HTTP<*>status: <*> len: <*> time: <*>.<*>,"['10.11.10.1', '""GET /v2/54fadb412c4e40cdbaed9335e4c35a9e/servers/detail ', '/1.1"" ', '200', '1893', '0.2581091']"
282,nova-api.log.2017-05-14_21:27:04,2017-05-14,19:41:10.484,25746,INFO,nova.osapi_compute.wsgi.server,req-9ed48ea0-fe8d-44ba-bf20-d70d7b8c66ed 113d3a99c3da401fbd62cc2caa5b96d2 54fadb412c4e40cdbaed9335e4c35a9e - - -,"10.11.10.1 ""GET /v2/54fadb412c4e40cdbaed9335e4c35a9e/servers/detail HTTP/1.1"" status: 200 len: 1893 time: 0.2760019",0,<*> <*> <*>HTTP<*>status: <*> len: <*> time: <*>.<*>,"['10.11.10.1', '""GET /v2/54fadb412c4e40cdbaed9335e4c35a9e/servers/detail ', '/1.1"" ', '200', '1893', '0.2760019']"
283,nova-api.log.2017-05-14_21:27:04,2017-05-14,19:41:11.758,25746,INFO,nova.osapi_compute.wsgi.server,req-9b5c9a46-ce4c-4534-b6ca-0ab5d89dd03a 113d3a99c3da401fbd62cc2caa5b96d2 54fadb412c4e40cdbaed9335e4c35a9e - - -,"10.11.10.1 ""GET /v2/54fadb412c4e40cdbaed9335e4c35a9e/servers/detail HTTP/1.1"" status: 200 len: 1893 time: 0.2695661",0,<*> <*> <*>HTTP<*>status: <*> len: <*> time: <*>.<*>,"['10.11.10.1', '""GET /v2/54fadb412c4e40cdbaed9335e4c35a9e/servers/detail ', '/1.1"" ', '200', '1893', '0.2695661']"
284,nova-api.log.2017-05-14_21:27:04,2017-05-14,19:41:12.018,25746,INFO,nova.osapi_compute.wsgi.server,req-a6165c40-57ea-4b3f-814c-cb9d628a879a 113d3a99c3da401fbd62cc2caa5b96d2 54fadb412c4e40cdbaed9335e4c35a9e - - -,"10.11.10.1 ""GET /v2/54fadb412c4e40cdbaed9335e4c35a9e/servers/detail HTTP/1.1"" status: 200 len: 1893 time: 0.2546141",0,<*> <*> <*>HTTP<*>status: <*> len: <*> time: <*>.<*>,"['10.11.10.1', '""GET /v2/54fadb412c4e40cdbaed9335e4c35a9e/servers/detail ', '/1.1"" ', '200', '1893', '0.2546141']"
285,nova-api.log.2017-05-14_21:27:04,2017-05-14,19:41:13.285,25746,INFO,nova.osapi_compute.wsgi.server,req-4e7efc1b-1cf8-4124-9ce6-f572a6910c2f 113d3a99c3da401fbd62cc2caa5b96d2 54fadb412c4e40cdbaed9335e4c35a9e - - -,"10.11.10.1 ""GET /v2/54fadb412c4e40cdbaed9335e4c35a9e/servers/detail HTTP/1.1"" status: 200 len: 1893 time: 0.2625179",0,<*> <*> <*>HTTP<*>status: <*> len: <*> time: <*>.<*>,"['10.11.10.1', '""GET /v2/54fadb412c4e40cdbaed9335e4c35a9e/servers/detail ', '/1.1"" ', '200', '1893', '0.2625179']"
286,nova-api.log.2017-05-14_21:27:04,2017-05-14,19:41:13.570,25746,INFO,nova.osapi_compute.wsgi.server,req-3c68d432-c6de-4698-9a1c-aa6d097c3211 113d3a99c3da401fbd62cc2caa5b96d2 54fadb412c4e40cdbaed9335e4c35a9e - - -,"10.11.10.1 ""GET /v2/54fadb412c4e40cdbaed9335e4c35a9e/servers/detail HTTP/1.1"" status: 200 len: 1893 time: 0.2807219",0,<*> <*> <*>HTTP<*>status: <*> len: <*> time: <*>.<*>,"['10.11.10.1', '""GET /v2/54fadb412c4e40cdbaed9335e4c35a9e/servers/detail ', '/1.1"" ', '200', '1893', '0.2807219']"
287,nova-api.log.2017-05-14_21:27:04,2017-05-14,19:41:14.944,25746,INFO,nova.osapi_compute.wsgi.server,req-d92368fb-4598-48f4-900b-b9716dac2722 113d3a99c3da401fbd62cc2caa5b96d2 54fadb412c4e40cdbaed9335e4c35a9e - - -,"10.11.10.1 ""GET /v2/54fadb412c4e40cdbaed9335e4c35a9e/servers/detail HTTP/1.1"" status: 200 len: 1893 time: 0.3687658",0,<*> <*> <*>HTTP<*>status: <*> len: <*> time: <*>.<*>,"['10.11.10.1', '""GET /v2/54fadb412c4e40cdbaed9335e4c35a9e/servers/detail ', '/1.1"" ', '200', '1893', '0.3687658']"
288,nova-api.log.2017-05-14_21:27:04,2017-05-14,19:41:15.195,25746,INFO,nova.osapi_compute.wsgi.server,req-71072750-5cd7-4451-88ca-3bdd8fe4cfff 113d3a99c3da401fbd62cc2caa5b96d2 54fadb412c4e40cdbaed9335e4c35a9e - - -,"10.11.10.1 ""GET /v2/54fadb412c4e40cdbaed9335e4c35a9e/servers/detail HTTP/1.1"" status: 200 len: 1893 time: 0.2480628",0,<*> <*> <*>HTTP<*>status: <*> len: <*> time: <*>.<*>,"['10.11.10.1', '""GET /v2/54fadb412c4e40cdbaed9335e4c35a9e/servers/detail ', '/1.1"" ', '200', '1893', '0.2480628']"
289,nova-api.log.2017-05-14_21:27:04,2017-05-14,19:41:16.461,25746,INFO,nova.osapi_compute.wsgi.server,req-39fee03b-93f6-4551-adba-b773d12124e9 113d3a99c3da401fbd62cc2caa5b96d2 54fadb412c4e40cdbaed9335e4c35a9e - - -,"10.11.10.1 ""GET /v2/54fadb412c4e40cdbaed9335e4c35a9e/servers/detail HTTP/1.1"" status: 200 len: 1893 time: 0.2600040",0,<*> <*> <*>HTTP<*>status: <*> len: <*> time: <*>.<*>,"['10.11.10.1', '""GET /v2/54fadb412c4e40cdbaed9335e4c35a9e/servers/detail ', '/1.1"" ', '200', '1893', '0.2600040']"
290,nova-api.log.2017-05-14_21:27:04,2017-05-14,19:41:16.716,25746,INFO,nova.osapi_compute.wsgi.server,req-cfc724b8-8354-4907-80ad-8033080885a3 113d3a99c3da401fbd62cc2caa5b96d2 54fadb412c4e40cdbaed9335e4c35a9e - - -,"10.11.10.1 ""GET /v2/54fadb412c4e40cdbaed9335e4c35a9e/servers/detail HTTP/1.1"" status: 200 len: 1893 time: 0.2499850",0,<*> <*> <*>HTTP<*>status: <*> len: <*> time: <*>.<*>,"['10.11.10.1', '""GET /v2/54fadb412c4e40cdbaed9335e4c35a9e/servers/detail ', '/1.1"" ', '200', '1893', '0.2499850']"
291,nova-api.log.2017-05-14_21:27:04,2017-05-14,19:41:17.985,25746,INFO,nova.osapi_compute.wsgi.server,req-fc9a80be-39bc-4d03-8644-b53a2ae38c5e 113d3a99c3da401fbd62cc2caa5b96d2 54fadb412c4e40cdbaed9335e4c35a9e - - -,"10.11.10.1 ""GET /v2/54fadb412c4e40cdbaed9335e4c35a9e/servers/detail HTTP/1.1"" status: 200 len: 1893 time: 0.2632458",0,<*> <*> <*>HTTP<*>status: <*> len: <*> time: <*>.<*>,"['10.11.10.1', '""GET /v2/54fadb412c4e40cdbaed9335e4c35a9e/servers/detail ', '/1.1"" ', '200', '1893', '0.2632458']"
292,nova-api.log.2017-05-14_21:27:04,2017-05-14,19:41:18.240,25746,INFO,nova.osapi_compute.wsgi.server,req-83970b6d-03ac-41ba-b886-bf6e92be1087 113d3a99c3da401fbd62cc2caa5b96d2 54fadb412c4e40cdbaed9335e4c35a9e - - -,"10.11.10.1 ""GET /v2/54fadb412c4e40cdbaed9335e4c35a9e/servers/detail HTTP/1.1"" status: 200 len: 1893 time: 0.2523391",0,<*> <*> <*>HTTP<*>status: <*> len: <*> time: <*>.<*>,"['10.11.10.1', '""GET /v2/54fadb412c4e40cdbaed9335e4c35a9e/servers/detail ', '/1.1"" ', '200', '1893', '0.2523391']"
293,nova-api.log.2017-05-14_21:27:04,2017-05-14,19:41:19.523,25746,INFO,nova.osapi_compute.wsgi.server,req-809d3d54-e375-4c93-b6d8-96818f44a9c7 113d3a99c3da401fbd62cc2caa5b96d2 54fadb412c4e40cdbaed9335e4c35a9e - - -,"10.11.10.1 ""GET /v2/54fadb412c4e40cdbaed9335e4c35a9e/servers/detail HTTP/1.1"" status: 200 len: 1893 time: 0.2768750",0,<*> <*> <*>HTTP<*>status: <*> len: <*> time: <*>.<*>,"['10.11.10.1', '""GET /v2/54fadb412c4e40cdbaed9335e4c35a9e/servers/detail ', '/1.1"" ', '200', '1893', '0.2768750']"
294,nova-api.log.2017-05-14_21:27:04,2017-05-14,19:41:19.781,25746,INFO,nova.osapi_compute.wsgi.server,req-4a3af327-81fe-4eab-846f-957f0c229b63 113d3a99c3da401fbd62cc2caa5b96d2 54fadb412c4e40cdbaed9335e4c35a9e - - -,"10.11.10.1 ""GET /v2/54fadb412c4e40cdbaed9335e4c35a9e/servers/detail HTTP/1.1"" status: 200 len: 1893 time: 0.2522850",0,<*> <*> <*>HTTP<*>status: <*> len: <*> time: <*>.<*>,"['10.11.10.1', '""GET /v2/54fadb412c4e40cdbaed9335e4c35a9e/servers/detail ', '/1.1"" ', '200', '1893', '0.2522850']"
295,nova-compute.log.2017-05-14_21:27:09,2017-05-14,19:41:20.623,2931,INFO,nova.virt.libvirt.imagecache,req-addc1839-2ed5-4778-b57e-5854eb7b8b09 - - - - -,image 0673dd71-34c5-4fbb-86c4-40623fbe45b4 at (/var/lib/nova/instances/_base/a489c868f0c37da93b76227c91bb03908ac0e742): checking,5,image <*>dd<*>-<*>c<*>-<*>fbb-<*>c<*>-<*>fbe<*>b<*> at (<*>checking,"['0673', '71-34', '5-4', '86c4', '40623', '45b4', '/var/lib/nova/instances/_base/a489c868f0c37da93b76227c91bb03908ac0e742): ']"
296,nova-compute.log.2017-05-14_21:27:09,2017-05-14,19:41:20.624,2931,INFO,nova.virt.libvirt.imagecache,req-addc1839-2ed5-4778-b57e-5854eb7b8b09 - - - - -,"image 0673dd71-34c5-4fbb-86c4-40623fbe45b4 at (/var/lib/nova/instances/_base/a489c868f0c37da93b76227c91bb03908ac0e742): in use: on this node 1 local, 0 on other nodes sharing this instance storage",6,"image <*>dd<*>-<*>c<*>-<*>fbb-<*>c<*>-<*>fbe<*>b<*> at (<*>in use: on this node <*> local, <*> on other nodes sharing this instance storage","['0673', '71-34', '5-4', '86c4', '40623', '45b4', '/var/lib/nova/instances/_base/a489c868f0c37da93b76227c91bb03908ac0e742): ', '1', '0']"
297,nova-compute.log.2017-05-14_21:27:09,2017-05-14,19:41:20.806,2931,INFO,nova.virt.libvirt.imagecache,req-addc1839-2ed5-4778-b57e-5854eb7b8b09 - - - - -,Active base files: /var/lib/nova/instances/_base/a489c868f0c37da93b76227c91bb03908ac0e742,7,<*> base <*> /var/lib/nova/instances/_base/a<*>c<*>f<*>c<*>da<*>b<*>c<*>bb<*>ac<*>e<*>,"['Active', 'files:', '489c868', '0c37', '93b76227', '91', '03908', '0e742']"
298,nova-api.log.2017-05-14_21:27:04,2017-05-14,19:41:21.048,25746,INFO,nova.osapi_compute.wsgi.server,req-9924ce8d-cb36-4652-ba7f-152769270b73 113d3a99c3da401fbd62cc2caa5b96d2 54fadb412c4e40cdbaed9335e4c35a9e - - -,"10.11.10.1 ""GET /v2/54fadb412c4e40cdbaed9335e4c35a9e/servers/detail HTTP/1.1"" status: 200 len: 1893 time: 0.2614660",0,<*> <*> <*>HTTP<*>status: <*> len: <*> time: <*>.<*>,"['10.11.10.1', '""GET /v2/54fadb412c4e40cdbaed9335e4c35a9e/servers/detail ', '/1.1"" ', '200', '1893', '0.2614660']"
299,nova-compute.log.2017-05-14_21:27:09,2017-05-14,19:41:21.176,2931,INFO,nova.compute.manager,req-3ea4052c-895d-4b64-9e2d-04d64c4d94ab - - - - -,[instance: 748f18b4-88e3-4b60-822a-f2b25fac50b2] VM Started (Lifecycle Event),2,<*> VM <*> (Lifecycle Event),"['[instance: 748f18b4-88e3-4b60-822a-f2b25fac50b2]', 'Started']"
300,nova-compute.log.2017-05-14_21:27:09,2017-05-14,19:41:21.241,2931,INFO,nova.compute.manager,req-3ea4052c-895d-4b64-9e2d-04d64c4d94ab - - - - -,[instance: 748f18b4-88e3-4b60-822a-f2b25fac50b2] VM Paused (Lifecycle Event),2,<*> VM <*> (Lifecycle Event),"['[instance: 748f18b4-88e3-4b60-822a-f2b25fac50b2]', 'Paused']"
301,nova-api.log.2017-05-14_21:27:04,2017-05-14,19:41:21.331,25746,INFO,nova.osapi_compute.wsgi.server,req-85ef42db-807a-4bfb-a280-c7617648dc46 113d3a99c3da401fbd62cc2caa5b96d2 54fadb412c4e40cdbaed9335e4c35a9e - - -,"10.11.10.1 ""GET /v2/54fadb412c4e40cdbaed9335e4c35a9e/servers/detail HTTP/1.1"" status: 200 len: 1893 time: 0.2771671",0,<*> <*> <*>HTTP<*>status: <*> len: <*> time: <*>.<*>,"['10.11.10.1', '""GET /v2/54fadb412c4e40cdbaed9335e4c35a9e/servers/detail ', '/1.1"" ', '200', '1893', '0.2771671']"
302,nova-compute.log.2017-05-14_21:27:09,2017-05-14,19:41:21.374,2931,INFO,nova.compute.manager,req-3ea4052c-895d-4b64-9e2d-04d64c4d94ab - - - - -,[instance: 748f18b4-88e3-4b60-822a-f2b25fac50b2] During sync_power_state the instance has a pending task (spawning). Skip.,4,<*> During sync_power_state the instance has a pending task (spawning). Skip.,['[instance: 748f18b4-88e3-4b60-822a-f2b25fac50b2]']
303,nova-api.log.2017-05-14_21:27:04,2017-05-14,19:41:22.595,25746,INFO,nova.osapi_compute.wsgi.server,req-b35b85e2-30d8-4311-aec5-a86d8cb1c2e3 113d3a99c3da401fbd62cc2caa5b96d2 54fadb412c4e40cdbaed9335e4c35a9e - - -,"10.11.10.1 ""GET /v2/54fadb412c4e40cdbaed9335e4c35a9e/servers/detail HTTP/1.1"" status: 200 len: 1893 time: 0.2576990",0,<*> <*> <*>HTTP<*>status: <*> len: <*> time: <*>.<*>,"['10.11.10.1', '""GET /v2/54fadb412c4e40cdbaed9335e4c35a9e/servers/detail ', '/1.1"" ', '200', '1893', '0.2576990']"
304,nova-api.log.2017-05-14_21:27:04,2017-05-14,19:41:22.858,25746,INFO,nova.osapi_compute.wsgi.server,req-9a8133a3-682b-45a0-94e6-79b0d065c953 113d3a99c3da401fbd62cc2caa5b96d2 54fadb412c4e40cdbaed9335e4c35a9e - - -,"10.11.10.1 ""GET /v2/54fadb412c4e40cdbaed9335e4c35a9e/servers/detail HTTP/1.1"" status: 200 len: 1893 time: 0.2590320",0,<*> <*> <*>HTTP<*>status: <*> len: <*> time: <*>.<*>,"['10.11.10.1', '""GET /v2/54fadb412c4e40cdbaed9335e4c35a9e/servers/detail ', '/1.1"" ', '200', '1893', '0.2590320']"
305,nova-api.log.2017-05-14_21:27:04,2017-05-14,19:41:24.129,25746,INFO,nova.osapi_compute.wsgi.server,req-09e4b648-d1ab-4e1b-b404-06936e263580 113d3a99c3da401fbd62cc2caa5b96d2 54fadb412c4e40cdbaed9335e4c35a9e - - -,"10.11.10.1 ""GET /v2/54fadb412c4e40cdbaed9335e4c35a9e/servers/detail HTTP/1.1"" status: 200 len: 1893 time: 0.2638121",0,<*> <*> <*>HTTP<*>status: <*> len: <*> time: <*>.<*>,"['10.11.10.1', '""GET /v2/54fadb412c4e40cdbaed9335e4c35a9e/servers/detail ', '/1.1"" ', '200', '1893', '0.2638121']"
306,nova-api.log.2017-05-14_21:27:04,2017-05-14,19:41:24.389,25746,INFO,nova.osapi_compute.wsgi.server,req-c11e03d5-1103-4f54-bdb4-46cdacdf845e 113d3a99c3da401fbd62cc2caa5b96d2 54fadb412c4e40cdbaed9335e4c35a9e - - -,"10.11.10.1 ""GET /v2/54fadb412c4e40cdbaed9335e4c35a9e/servers/detail HTTP/1.1"" status: 200 len: 1893 time: 0.2554700",0,<*> <*> <*>HTTP<*>status: <*> len: <*> time: <*>.<*>,"['10.11.10.1', '""GET /v2/54fadb412c4e40cdbaed9335e4c35a9e/servers/detail ', '/1.1"" ', '200', '1893', '0.2554700']"
307,nova-api.log.2017-05-14_21:27:04,2017-05-14,19:41:25.656,25746,INFO,nova.osapi_compute.wsgi.server,req-a3f8aa0a-d4fc-4549-a20c-a25212b21763 113d3a99c3da401fbd62cc2caa5b96d2 54fadb412c4e40cdbaed9335e4c35a9e - - -,"10.11.10.1 ""GET /v2/54fadb412c4e40cdbaed9335e4c35a9e/servers/detail HTTP/1.1"" status: 200 len: 1893 time: 0.2613370",0,<*> <*> <*>HTTP<*>status: <*> len: <*> time: <*>.<*>,"['10.11.10.1', '""GET /v2/54fadb412c4e40cdbaed9335e4c35a9e/servers/detail ', '/1.1"" ', '200', '1893', '0.2613370']"
308,nova-compute.log.2017-05-14_21:27:09,2017-05-14,19:41:25.855,2931,INFO,nova.virt.libvirt.imagecache,req-addc1839-2ed5-4778-b57e-5854eb7b8b09 - - - - -,image 0673dd71-34c5-4fbb-86c4-40623fbe45b4 at (/var/lib/nova/instances/_base/a489c868f0c37da93b76227c91bb03908ac0e742): checking,5,image <*>dd<*>-<*>c<*>-<*>fbb-<*>c<*>-<*>fbe<*>b<*> at (<*>checking,"['0673', '71-34', '5-4', '86c4', '40623', '45b4', '/var/lib/nova/instances/_base/a489c868f0c37da93b76227c91bb03908ac0e742): ']"
309,nova-compute.log.2017-05-14_21:27:09,2017-05-14,19:41:25.856,2931,INFO,nova.virt.libvirt.imagecache,req-addc1839-2ed5-4778-b57e-5854eb7b8b09 - - - - -,"image 0673dd71-34c5-4fbb-86c4-40623fbe45b4 at (/var/lib/nova/instances/_base/a489c868f0c37da93b76227c91bb03908ac0e742): in use: on this node 1 local, 0 on other nodes sharing this instance storage",6,"image <*>dd<*>-<*>c<*>-<*>fbb-<*>c<*>-<*>fbe<*>b<*> at (<*>in use: on this node <*> local, <*> on other nodes sharing this instance storage","['0673', '71-34', '5-4', '86c4', '40623', '45b4', '/var/lib/nova/instances/_base/a489c868f0c37da93b76227c91bb03908ac0e742): ', '1', '0']"
310,nova-api.log.2017-05-14_21:27:04,2017-05-14,19:41:25.931,25746,INFO,nova.osapi_compute.wsgi.server,req-bd168bcb-9944-4360-9da3-d536302f4cc4 113d3a99c3da401fbd62cc2caa5b96d2 54fadb412c4e40cdbaed9335e4c35a9e - - -,"10.11.10.1 ""GET /v2/54fadb412c4e40cdbaed9335e4c35a9e/servers/detail HTTP/1.1"" status: 200 len: 1893 time: 0.2696159",0,<*> <*> <*>HTTP<*>status: <*> len: <*> time: <*>.<*>,"['10.11.10.1', '""GET /v2/54fadb412c4e40cdbaed9335e4c35a9e/servers/detail ', '/1.1"" ', '200', '1893', '0.2696159']"
311,nova-compute.log.2017-05-14_21:27:09,2017-05-14,19:41:26.037,2931,INFO,nova.virt.libvirt.imagecache,req-addc1839-2ed5-4778-b57e-5854eb7b8b09 - - - - -,Active base files: /var/lib/nova/instances/_base/a489c868f0c37da93b76227c91bb03908ac0e742,7,<*> base <*> /var/lib/nova/instances/_base/a<*>c<*>f<*>c<*>da<*>b<*>c<*>bb<*>ac<*>e<*>,"['Active', 'files:', '489c868', '0c37', '93b76227', '91', '03908', '0e742']"
312,nova-api.log.2017-05-14_21:27:04,2017-05-14,19:41:27.372,25746,INFO,nova.osapi_compute.wsgi.server,req-818fe8fb-6767-4bb3-bdb9-2fea18b2aac6 113d3a99c3da401fbd62cc2caa5b96d2 54fadb412c4e40cdbaed9335e4c35a9e - - -,"10.11.10.1 ""GET /v2/54fadb412c4e40cdbaed9335e4c35a9e/servers/detail HTTP/1.1"" status: 200 len: 1893 time: 0.4355068",0,<*> <*> <*>HTTP<*>status: <*> len: <*> time: <*>.<*>,"['10.11.10.1', '""GET /v2/54fadb412c4e40cdbaed9335e4c35a9e/servers/detail ', '/1.1"" ', '200', '1893', '0.4355068']"
313,nova-api.log.2017-05-14_21:27:04,2017-05-14,19:41:27.639,25746,INFO,nova.osapi_compute.wsgi.server,req-02204e62-f722-48a5-8cf7-eb81cb6129aa 113d3a99c3da401fbd62cc2caa5b96d2 54fadb412c4e40cdbaed9335e4c35a9e - - -,"10.11.10.1 ""GET /v2/54fadb412c4e40cdbaed9335e4c35a9e/servers/detail HTTP/1.1"" status: 200 len: 1893 time: 0.2618780",0,<*> <*> <*>HTTP<*>status: <*> len: <*> time: <*>.<*>,"['10.11.10.1', '""GET /v2/54fadb412c4e40cdbaed9335e4c35a9e/servers/detail ', '/1.1"" ', '200', '1893', '0.2618780']"
314,nova-api.log.2017-05-14_21:27:04,2017-05-14,19:41:28.857,25743,INFO,nova.api.openstack.compute.server_external_events,req-3706fe73-7b45-4a89-bcbf-458a9b212004 f7b8d1f1d4d44643b07fa10ca7d021fb e9746973ac574c6b8a9e8857f56a7608 - - -,Creating event network-vif-plugged:1d7215b5-04b2-485c-a686-f82bb61a570b for instance 748f18b4-88e3-4b60-822a-f2b25fac50b2,8,Creating event <*> for instance <*>,"['network-vif-plugged:1d7215b5-04b2-485c-a686-f82bb61a570b', '748f18b4-88e3-4b60-822a-f2b25fac50b2']"
315,nova-api.log.2017-05-14_21:27:04,2017-05-14,19:41:28.862,25743,INFO,nova.osapi_compute.wsgi.server,req-3706fe73-7b45-4a89-bcbf-458a9b212004 f7b8d1f1d4d44643b07fa10ca7d021fb e9746973ac574c6b8a9e8857f56a7608 - - -,"10.11.10.1 ""POST /v2/e9746973ac574c6b8a9e8857f56a7608/os-server-external-events HTTP/1.1"" status: 200 len: 380 time: 0.1015720",0,<*> <*> <*>HTTP<*>status: <*> len: <*> time: <*>.<*>,"['10.11.10.1', '""POST /v2/e9746973ac574c6b8a9e8857f56a7608/os-server-external-events ', '/1.1"" ', '200', '380', '0.1015720']"
316,nova-compute.log.2017-05-14_21:27:09,2017-05-14,19:41:28.871,2931,INFO,nova.compute.manager,req-3ea4052c-895d-4b64-9e2d-04d64c4d94ab - - - - -,[instance: 748f18b4-88e3-4b60-822a-f2b25fac50b2] VM Resumed (Lifecycle Event),2,<*> VM <*> (Lifecycle Event),"['[instance: 748f18b4-88e3-4b60-822a-f2b25fac50b2]', 'Resumed']"
317,nova-compute.log.2017-05-14_21:27:09,2017-05-14,19:41:28.877,2931,INFO,nova.virt.libvirt.driver,-,[instance: 748f18b4-88e3-4b60-822a-f2b25fac50b2] Instance spawned successfully.,9,<*> Instance <*> successfully.,"['[instance: 748f18b4-88e3-4b60-822a-f2b25fac50b2]', 'spawned']"
318,nova-compute.log.2017-05-14_21:27:09,2017-05-14,19:41:28.877,2931,INFO,nova.compute.manager,req-68c3e42e-4a3b-4a49-885e-357ca44c5e62 113d3a99c3da401fbd62cc2caa5b96d2 54fadb412c4e40cdbaed9335e4c35a9e - - -,[instance: 748f18b4-88e3-4b60-822a-f2b25fac50b2] Took 21.08 seconds to spawn the instance on the hypervisor.,10,<*> Took <*>.<*> seconds to <*> the instance on the hypervisor.,"['[instance: 748f18b4-88e3-4b60-822a-f2b25fac50b2]', '21.08', 'spawn']"
319,nova-api.log.2017-05-14_21:27:04,2017-05-14,19:41:28.924,25746,INFO,nova.osapi_compute.wsgi.server,req-1b21c6b3-8034-40ec-aec4-bbfa613ad131 113d3a99c3da401fbd62cc2caa5b96d2 54fadb412c4e40cdbaed9335e4c35a9e - - -,"10.11.10.1 ""GET /v2/54fadb412c4e40cdbaed9335e4c35a9e/servers/detail HTTP/1.1"" status: 200 len: 1893 time: 0.2790082",0,<*> <*> <*>HTTP<*>status: <*> len: <*> time: <*>.<*>,"['10.11.10.1', '""GET /v2/54fadb412c4e40cdbaed9335e4c35a9e/servers/detail ', '/1.1"" ', '200', '1893', '0.2790082']"
320,nova-compute.log.2017-05-14_21:27:09,2017-05-14,19:41:29.020,2931,INFO,nova.compute.manager,req-68c3e42e-4a3b-4a49-885e-357ca44c5e62 113d3a99c3da401fbd62cc2caa5b96d2 54fadb412c4e40cdbaed9335e4c35a9e - - -,[instance: 748f18b4-88e3-4b60-822a-f2b25fac50b2] Took 21.99 seconds to build instance.,11,<*> Took <*>.<*> seconds to build instance.,"['[instance: 748f18b4-88e3-4b60-822a-f2b25fac50b2]', '21.99']"
321,nova-compute.log.2017-05-14_21:27:09,2017-05-14,19:41:29.097,2931,INFO,nova.compute.manager,req-3ea4052c-895d-4b64-9e2d-04d64c4d94ab - - - - -,[instance: 748f18b4-88e3-4b60-822a-f2b25fac50b2] VM Resumed (Lifecycle Event),2,<*> VM <*> (Lifecycle Event),"['[instance: 748f18b4-88e3-4b60-822a-f2b25fac50b2]', 'Resumed']"
322,nova-api.log.2017-05-14_21:27:04,2017-05-14,19:41:29.212,25746,INFO,nova.osapi_compute.wsgi.server,req-6cd56bc6-5f37-4d04-bccf-7c3cf09f2ac9 113d3a99c3da401fbd62cc2caa5b96d2 54fadb412c4e40cdbaed9335e4c35a9e - - -,"10.11.10.1 ""GET /v2/54fadb412c4e40cdbaed9335e4c35a9e/servers/detail HTTP/1.1"" status: 200 len: 1910 time: 0.2835639",0,<*> <*> <*>HTTP<*>status: <*> len: <*> time: <*>.<*>,"['10.11.10.1', '""GET /v2/54fadb412c4e40cdbaed9335e4c35a9e/servers/detail ', '/1.1"" ', '200', '1910', '0.2835639']"
323,nova-api.log.2017-05-14_21:27:04,2017-05-14,19:41:30.493,25746,INFO,nova.osapi_compute.wsgi.server,req-b9eff277-d0b9-493a-a9fa-2e3c1f91964b 113d3a99c3da401fbd62cc2caa5b96d2 54fadb412c4e40cdbaed9335e4c35a9e - - -,"10.11.10.1 ""GET /v2/54fadb412c4e40cdbaed9335e4c35a9e/servers/detail HTTP/1.1"" status: 200 len: 1910 time: 0.2743289",0,<*> <*> <*>HTTP<*>status: <*> len: <*> time: <*>.<*>,"['10.11.10.1', '""GET /v2/54fadb412c4e40cdbaed9335e4c35a9e/servers/detail ', '/1.1"" ', '200', '1910', '0.2743289']"
324,nova-api.log.2017-05-14_21:27:04,2017-05-14,19:41:30.735,25746,INFO,nova.osapi_compute.wsgi.server,req-eeb0a233-a666-46da-a5bf-90ff49056023 113d3a99c3da401fbd62cc2caa5b96d2 54fadb412c4e40cdbaed9335e4c35a9e - - -,"10.11.10.1 ""GET /v2/54fadb412c4e40cdbaed9335e4c35a9e/servers/detail HTTP/1.1"" status: 200 len: 1910 time: 0.2377138",0,<*> <*> <*>HTTP<*>status: <*> len: <*> time: <*>.<*>,"['10.11.10.1', '""GET /v2/54fadb412c4e40cdbaed9335e4c35a9e/servers/detail ', '/1.1"" ', '200', '1910', '0.2377138']"
325,nova-compute.log.2017-05-14_21:27:09,2017-05-14,19:41:31.097,2931,INFO,nova.virt.libvirt.imagecache,req-addc1839-2ed5-4778-b57e-5854eb7b8b09 - - - - -,image 0673dd71-34c5-4fbb-86c4-40623fbe45b4 at (/var/lib/nova/instances/_base/a489c868f0c37da93b76227c91bb03908ac0e742): checking,5,image <*>dd<*>-<*>c<*>-<*>fbb-<*>c<*>-<*>fbe<*>b<*> at (<*>checking,"['0673', '71-34', '5-4', '86c4', '40623', '45b4', '/var/lib/nova/instances/_base/a489c868f0c37da93b76227c91bb03908ac0e742): ']"
326,nova-compute.log.2017-05-14_21:27:09,2017-05-14,19:41:31.098,2931,INFO,nova.virt.libvirt.imagecache,req-addc1839-2ed5-4778-b57e-5854eb7b8b09 - - - - -,"image 0673dd71-34c5-4fbb-86c4-40623fbe45b4 at (/var/lib/nova/instances/_base/a489c868f0c37da93b76227c91bb03908ac0e742): in use: on this node 1 local, 0 on other nodes sharing this instance storage",6,"image <*>dd<*>-<*>c<*>-<*>fbb-<*>c<*>-<*>fbe<*>b<*> at (<*>in use: on this node <*> local, <*> on other nodes sharing this instance storage","['0673', '71-34', '5-4', '86c4', '40623', '45b4', '/var/lib/nova/instances/_base/a489c868f0c37da93b76227c91bb03908ac0e742): ', '1', '0']"
327,nova-compute.log.2017-05-14_21:27:09,2017-05-14,19:41:31.268,2931,INFO,nova.virt.libvirt.imagecache,req-addc1839-2ed5-4778-b57e-5854eb7b8b09 - - - - -,Active base files: /var/lib/nova/instances/_base/a489c868f0c37da93b76227c91bb03908ac0e742,7,<*> base <*> /var/lib/nova/instances/_base/a<*>c<*>f<*>c<*>da<*>b<*>c<*>bb<*>ac<*>e<*>,"['Active', 'files:', '489c868', '0c37', '93b76227', '91', '03908', '0e742']"
328,nova-api.log.2017-05-14_21:27:04,2017-05-14,19:41:35.589,25775,INFO,nova.metadata.wsgi.server,req-75a8db8c-f2af-450e-bba3-bb5fab008863 - - - - -,"10.11.11.228,10.11.10.1 ""GET /openstack/2012-08-10/meta_data.json HTTP/1.1"" status: 200 len: 264 time: 0.4110839",0,<*> <*> <*>HTTP<*>status: <*> len: <*> time: <*>.<*>,"['10.11.11.228,10.11.10.1', '""GET /openstack/2012-08-10/meta_data.json ', '/1.1"" ', '200', '264', '0.4110839']"
329,nova-api.log.2017-05-14_21:27:04,2017-05-14,19:41:35.913,25797,INFO,nova.metadata.wsgi.server,req-0a387c11-d2e1-4ca1-ad02-84aa0552bcbb - - - - -,"10.11.11.228,10.11.10.1 ""GET /openstack/2013-10-17 HTTP/1.1"" status: 200 len: 157 time: 0.2264459",0,<*> <*> <*>HTTP<*>status: <*> len: <*> time: <*>.<*>,"['10.11.11.228,10.11.10.1', '""GET /openstack/2013-10-17 ', '/1.1"" ', '200', '157', '0.2264459']"
330,nova-compute.log.2017-05-14_21:27:09,2017-05-14,19:41:36.335,2931,INFO,nova.virt.libvirt.imagecache,req-addc1839-2ed5-4778-b57e-5854eb7b8b09 - - - - -,image 0673dd71-34c5-4fbb-86c4-40623fbe45b4 at (/var/lib/nova/instances/_base/a489c868f0c37da93b76227c91bb03908ac0e742): checking,5,image <*>dd<*>-<*>c<*>-<*>fbb-<*>c<*>-<*>fbe<*>b<*> at (<*>checking,"['0673', '71-34', '5-4', '86c4', '40623', '45b4', '/var/lib/nova/instances/_base/a489c868f0c37da93b76227c91bb03908ac0e742): ']"
331,nova-compute.log.2017-05-14_21:27:09,2017-05-14,19:41:36.336,2931,INFO,nova.virt.libvirt.imagecache,req-addc1839-2ed5-4778-b57e-5854eb7b8b09 - - - - -,"image 0673dd71-34c5-4fbb-86c4-40623fbe45b4 at (/var/lib/nova/instances/_base/a489c868f0c37da93b76227c91bb03908ac0e742): in use: on this node 1 local, 0 on other nodes sharing this instance storage",6,"image <*>dd<*>-<*>c<*>-<*>fbb-<*>c<*>-<*>fbe<*>b<*> at (<*>in use: on this node <*> local, <*> on other nodes sharing this instance storage","['0673', '71-34', '5-4', '86c4', '40623', '45b4', '/var/lib/nova/instances/_base/a489c868f0c37da93b76227c91bb03908ac0e742): ', '1', '0']"
332,nova-api.log.2017-05-14_21:27:04,2017-05-14,19:41:36.413,25793,INFO,nova.metadata.wsgi.server,req-c11ba872-7368-4101-b523-cd4d955a7925 - - - - -,"10.11.11.228,10.11.10.1 ""GET /openstack/2013-10-17/vendor_data.json HTTP/1.1"" status: 200 len: 124 time: 0.4118509",0,<*> <*> <*>HTTP<*>status: <*> len: <*> time: <*>.<*>,"['10.11.11.228,10.11.10.1', '""GET /openstack/2013-10-17/vendor_data.json ', '/1.1"" ', '200', '124', '0.4118509']"
333,nova-api.log.2017-05-14_21:27:04,2017-05-14,19:41:36.426,25793,INFO,nova.metadata.wsgi.server,-,"10.11.11.228,10.11.10.1 ""GET /openstack/2013-10-17/vendor_data.json HTTP/1.1"" status: 200 len: 124 time: 0.0008330",0,<*> <*> <*>HTTP<*>status: <*> len: <*> time: <*>.<*>,"['10.11.11.228,10.11.10.1', '""GET /openstack/2013-10-17/vendor_data.json ', '/1.1"" ', '200', '124', '0.0008330']"
334,nova-api.log.2017-05-14_21:27:04,2017-05-14,19:41:36.440,25793,INFO,nova.metadata.wsgi.server,-,"10.11.11.228,10.11.10.1 ""GET /openstack/2013-10-17/user_data HTTP/1.1"" status: 404 len: 176 time: 0.0009389",0,<*> <*> <*>HTTP<*>status: <*> len: <*> time: <*>.<*>,"['10.11.11.228,10.11.10.1', '""GET /openstack/2013-10-17/user_data ', '/1.1"" ', '404', '176', '0.0009389']"
335,nova-api.log.2017-05-14_21:27:04,2017-05-14,19:41:36.453,25793,INFO,nova.metadata.wsgi.server,-,"10.11.11.228,10.11.10.1 ""GET /openstack/2013-10-17/meta_data.json HTTP/1.1"" status: 200 len: 967 time: 0.0006740",0,<*> <*> <*>HTTP<*>status: <*> len: <*> time: <*>.<*>,"['10.11.11.228,10.11.10.1', '""GET /openstack/2013-10-17/meta_data.json ', '/1.1"" ', '200', '967', '0.0006740']"
336,nova-api.log.2017-05-14_21:27:04,2017-05-14,19:41:36.466,25793,INFO,nova.metadata.wsgi.server,-,"10.11.11.228,10.11.10.1 ""GET /openstack/2013-10-17/meta_data.json HTTP/1.1"" status: 200 len: 967 time: 0.0008550",0,<*> <*> <*>HTTP<*>status: <*> len: <*> time: <*>.<*>,"['10.11.11.228,10.11.10.1', '""GET /openstack/2013-10-17/meta_data.json ', '/1.1"" ', '200', '967', '0.0008550']"
337,nova-compute.log.2017-05-14_21:27:09,2017-05-14,19:41:36.511,2931,INFO,nova.virt.libvirt.imagecache,req-addc1839-2ed5-4778-b57e-5854eb7b8b09 - - - - -,Active base files: /var/lib/nova/instances/_base/a489c868f0c37da93b76227c91bb03908ac0e742,7,<*> base <*> /var/lib/nova/instances/_base/a<*>c<*>f<*>c<*>da<*>b<*>c<*>bb<*>ac<*>e<*>,"['Active', 'files:', '489c868', '0c37', '93b76227', '91', '03908', '0e742']"
338,nova-api.log.2017-05-14_21:27:04,2017-05-14,19:41:36.561,25793,INFO,nova.metadata.wsgi.server,-,"10.11.11.228,10.11.10.1 ""GET /latest/meta-data/ HTTP/1.1"" status: 200 len: 328 time: 0.0007210",0,<*> <*> <*>HTTP<*>status: <*> len: <*> time: <*>.<*>,"['10.11.11.228,10.11.10.1', '""GET /latest/meta-data/ ', '/1.1"" ', '200', '328', '0.0007210']"
339,nova-api.log.2017-05-14_21:27:04,2017-05-14,19:41:36.656,25793,INFO,nova.metadata.wsgi.server,-,"10.11.11.228,10.11.10.1 ""GET /latest/meta-data/block-device-mapping/ HTTP/1.1"" status: 200 len: 124 time: 0.0008621",0,<*> <*> <*>HTTP<*>status: <*> len: <*> time: <*>.<*>,"['10.11.11.228,10.11.10.1', '""GET /latest/meta-data/block-device-mapping/ ', '/1.1"" ', '200', '124', '0.0008621']"
340,nova-api.log.2017-05-14_21:27:04,2017-05-14,19:41:36.900,25786,INFO,nova.metadata.wsgi.server,req-b75597c0-49f0-4225-a827-220b8a8b685b - - - - -,"10.11.11.228,10.11.10.1 ""GET /latest/meta-data/block-device-mapping/ami HTTP/1.1"" status: 200 len: 119 time: 0.2309160",0,<*> <*> <*>HTTP<*>status: <*> len: <*> time: <*>.<*>,"['10.11.11.228,10.11.10.1', '""GET /latest/meta-data/block-device-mapping/ami ', '/1.1"" ', '200', '119', '0.2309160']"
341,nova-api.log.2017-05-14_21:27:04,2017-05-14,19:41:37.028,25746,INFO,nova.osapi_compute.wsgi.server,req-f7bf4f28-1272-4893-9837-194f5665282d 113d3a99c3da401fbd62cc2caa5b96d2 54fadb412c4e40cdbaed9335e4c35a9e - - -,"10.11.10.1 ""DELETE /v2/54fadb412c4e40cdbaed9335e4c35a9e/servers/748f18b4-88e3-4b60-822a-f2b25fac50b2 HTTP/1.1"" status: 204 len: 203 time: 0.2861309",0,<*> <*> <*>HTTP<*>status: <*> len: <*> time: <*>.<*>,"['10.11.10.1', '""DELETE /v2/54fadb412c4e40cdbaed9335e4c35a9e/servers/748f18b4-88e3-4b60-822a-f2b25fac50b2 ', '/1.1"" ', '204', '203', '0.2861309']"
342,nova-compute.log.2017-05-14_21:27:09,2017-05-14,19:41:37.062,2931,INFO,nova.compute.manager,req-f7bf4f28-1272-4893-9837-194f5665282d 113d3a99c3da401fbd62cc2caa5b96d2 54fadb412c4e40cdbaed9335e4c35a9e - - -,[instance: 748f18b4-88e3-4b60-822a-f2b25fac50b2] Terminating instance,12,<*> Terminating instance,['[instance: 748f18b4-88e3-4b60-822a-f2b25fac50b2]']
343,nova-api.log.2017-05-14_21:27:04,2017-05-14,19:41:37.160,25779,INFO,nova.metadata.wsgi.server,req-0b67bb6f-75b9-4361-8ca1-700b16658431 - - - - -,"10.11.11.228,10.11.10.1 ""GET /latest/meta-data/block-device-mapping/root HTTP/1.1"" status: 200 len: 124 time: 0.2466500",0,<*> <*> <*>HTTP<*>status: <*> len: <*> time: <*>.<*>,"['10.11.11.228,10.11.10.1', '""GET /latest/meta-data/block-device-mapping/root ', '/1.1"" ', '200', '124', '0.2466500']"
344,nova-compute.log.2017-05-14_21:27:09,2017-05-14,19:41:37.278,2931,INFO,nova.virt.libvirt.driver,-,[instance: 748f18b4-88e3-4b60-822a-f2b25fac50b2] Instance destroyed successfully.,9,<*> Instance <*> successfully.,"['[instance: 748f18b4-88e3-4b60-822a-f2b25fac50b2]', 'destroyed']"
345,nova-api.log.2017-05-14_21:27:04,2017-05-14,19:41:37.309,25746,INFO,nova.osapi_compute.wsgi.server,req-437d0da8-5f81-457d-921b-261ef36f3933 113d3a99c3da401fbd62cc2caa5b96d2 54fadb412c4e40cdbaed9335e4c35a9e - - -,"10.11.10.1 ""GET /v2/54fadb412c4e40cdbaed9335e4c35a9e/servers/detail HTTP/1.1"" status: 200 len: 1916 time: 0.2791998",0,<*> <*> <*>HTTP<*>status: <*> len: <*> time: <*>.<*>,"['10.11.10.1', '""GET /v2/54fadb412c4e40cdbaed9335e4c35a9e/servers/detail ', '/1.1"" ', '200', '1916', '0.2791998']"
346,nova-compute.log.2017-05-14_21:27:09,2017-05-14,19:41:37.949,2931,INFO,nova.virt.libvirt.driver,req-f7bf4f28-1272-4893-9837-194f5665282d 113d3a99c3da401fbd62cc2caa5b96d2 54fadb412c4e40cdbaed9335e4c35a9e - - -,[instance: 748f18b4-88e3-4b60-822a-f2b25fac50b2] Deleting instance files /var/lib/nova/instances/748f18b4-88e3-4b60-822a-f2b25fac50b2_del,13,<*> Deleting instance files <*>,"['[instance: 748f18b4-88e3-4b60-822a-f2b25fac50b2]', '/var/lib/nova/instances/748f18b4-88e3-4b60-822a-f2b25fac50b2_del']"
347,nova-compute.log.2017-05-14_21:27:09,2017-05-14,19:41:37.951,2931,INFO,nova.virt.libvirt.driver,req-f7bf4f28-1272-4893-9837-194f5665282d 113d3a99c3da401fbd62cc2caa5b96d2 54fadb412c4e40cdbaed9335e4c35a9e - - -,[instance: 748f18b4-88e3-4b60-822a-f2b25fac50b2] Deletion of /var/lib/nova/instances/748f18b4-88e3-4b60-822a-f2b25fac50b2_del complete,14,<*> Deletion of <*>complete,"['[instance: 748f18b4-88e3-4b60-822a-f2b25fac50b2]', '/var/lib/nova/instances/748f18b4-88e3-4b60-822a-f2b25fac50b2_del ']"
348,nova-compute.log.2017-05-14_21:27:09,2017-05-14,19:41:38.070,2931,INFO,nova.compute.manager,req-f7bf4f28-1272-4893-9837-194f5665282d 113d3a99c3da401fbd62cc2caa5b96d2 54fadb412c4e40cdbaed9335e4c35a9e - - -,[instance: 748f18b4-88e3-4b60-822a-f2b25fac50b2] Took 1.00 seconds to destroy the instance on the hypervisor.,10,<*> Took <*>.<*> seconds to <*> the instance on the hypervisor.,"['[instance: 748f18b4-88e3-4b60-822a-f2b25fac50b2]', '1.00', 'destroy']"
349,nova-api.log.2017-05-14_21:27:04,2017-05-14,19:41:38.538,25746,INFO,nova.osapi_compute.wsgi.server,req-946aea68-786c-4ca4-8d66-e0a582b1d576 113d3a99c3da401fbd62cc2caa5b96d2 54fadb412c4e40cdbaed9335e4c35a9e - - -,"10.11.10.1 ""GET /v2/54fadb412c4e40cdbaed9335e4c35a9e/servers/detail HTTP/1.1"" status: 200 len: 1874 time: 0.2231379",0,<*> <*> <*>HTTP<*>status: <*> len: <*> time: <*>.<*>,"['10.11.10.1', '""GET /v2/54fadb412c4e40cdbaed9335e4c35a9e/servers/detail ', '/1.1"" ', '200', '1874', '0.2231379']"
350,nova-compute.log.2017-05-14_21:27:09,2017-05-14,19:41:38.659,2931,INFO,nova.compute.manager,req-f7bf4f28-1272-4893-9837-194f5665282d 113d3a99c3da401fbd62cc2caa5b96d2 54fadb412c4e40cdbaed9335e4c35a9e - - -,[instance: 748f18b4-88e3-4b60-822a-f2b25fac50b2] Took 0.59 seconds to deallocate network for instance.,15,<*> Took <*>.<*> seconds to deallocate network for instance.,"['[instance: 748f18b4-88e3-4b60-822a-f2b25fac50b2]', '0.59']"
351,nova-api.log.2017-05-14_21:27:04,2017-05-14,19:41:39.636,25746,INFO,nova.osapi_compute.wsgi.server,req-f049bc0c-522d-45f3-9752-b8b5c5b4c06b 113d3a99c3da401fbd62cc2caa5b96d2 54fadb412c4e40cdbaed9335e4c35a9e - - -,"10.11.10.1 ""GET /v2/54fadb412c4e40cdbaed9335e4c35a9e/servers/detail HTTP/1.1"" status: 200 len: 211 time: 0.0931978",0,<*> <*> <*>HTTP<*>status: <*> len: <*> time: <*>.<*>,"['10.11.10.1', '""GET /v2/54fadb412c4e40cdbaed9335e4c35a9e/servers/detail ', '/1.1"" ', '200', '211', '0.0931978']"
352,nova-api.log.2017-05-14_21:27:04,2017-05-14,19:41:40.585,25746,INFO,nova.api.openstack.wsgi,req-5492bd9e-6113-4a57-866e-be1bdcd36c4f f7b8d1f1d4d44643b07fa10ca7d021fb e9746973ac574c6b8a9e8857f56a7608 - - -,HTTP exception thrown: No instances found for any event,16,HTTP exception thrown: No instances found for any event,[]
353,nova-api.log.2017-05-14_21:27:04,2017-05-14,19:41:40.587,25746,INFO,nova.osapi_compute.wsgi.server,req-5492bd9e-6113-4a57-866e-be1bdcd36c4f f7b8d1f1d4d44643b07fa10ca7d021fb e9746973ac574c6b8a9e8857f56a7608 - - -,"10.11.10.1 ""POST /v2/e9746973ac574c6b8a9e8857f56a7608/os-server-external-events HTTP/1.1"" status: 404 len: 296 time: 0.0888329",0,<*> <*> <*>HTTP<*>status: <*> len: <*> time: <*>.<*>,"['10.11.10.1', '""POST /v2/e9746973ac574c6b8a9e8857f56a7608/os-server-external-events ', '/1.1"" ', '404', '296', '0.0888329']"
354,nova-compute.log.2017-05-14_21:27:09,2017-05-14,19:41:41.539,2931,WARNING,nova.virt.libvirt.imagecache,req-addc1839-2ed5-4778-b57e-5854eb7b8b09 - - - - -,Unknown base file: /var/lib/nova/instances/_base/a489c868f0c37da93b76227c91bb03908ac0e742,7,<*> base <*> /var/lib/nova/instances/_base/a<*>c<*>f<*>c<*>da<*>b<*>c<*>bb<*>ac<*>e<*>,"['Unknown', 'file:', '489c868', '0c37', '93b76227', '91', '03908', '0e742']"
355,nova-compute.log.2017-05-14_21:27:09,2017-05-14,19:41:41.540,2931,INFO,nova.virt.libvirt.imagecache,req-addc1839-2ed5-4778-b57e-5854eb7b8b09 - - - - -,Removable base files: /var/lib/nova/instances/_base/a489c868f0c37da93b76227c91bb03908ac0e742,7,<*> base <*> /var/lib/nova/instances/_base/a<*>c<*>f<*>c<*>da<*>b<*>c<*>bb<*>ac<*>e<*>,"['Removable', 'files:', '489c868', '0c37', '93b76227', '91', '03908', '0e742']"
356,nova-compute.log.2017-05-14_21:27:09,2017-05-14,19:41:41.541,2931,INFO,nova.virt.libvirt.imagecache,req-addc1839-2ed5-4778-b57e-5854eb7b8b09 - - - - -,Removing base or swap file: /var/lib/nova/instances/_base/a489c868f0c37da93b76227c91bb03908ac0e742,17,Removing base or swap file: /var/lib/nova/instances/_base/a<*>c<*>f<*>c<*>da<*>b<*>c<*>bb<*>ac<*>e<*>,"['489c868', '0c37', '93b76227', '91', '03908', '0e742']"
357,nova-api.log.2017-05-14_21:27:04,2017-05-14,19:41:50.177,25746,INFO,nova.osapi_compute.wsgi.server,req-8f264889-3d83-4a1d-8201-f9b83495f69d 113d3a99c3da401fbd62cc2caa5b96d2 54fadb412c4e40cdbaed9335e4c35a9e - - -,"10.11.10.1 ""POST /v2/54fadb412c4e40cdbaed9335e4c35a9e/servers HTTP/1.1"" status: 202 len: 733 time: 0.5275931",0,<*> <*> <*>HTTP<*>status: <*> len: <*> time: <*>.<*>,"['10.11.10.1', '""POST /v2/54fadb412c4e40cdbaed9335e4c35a9e/servers ', '/1.1"" ', '202', '733', '0.5275931']"
358,nova-api.log.2017-05-14_21:27:04,2017-05-14,19:41:50.372,25746,INFO,nova.osapi_compute.wsgi.server,req-e34420ca-add7-4cc1-9f71-8d3a7178f805 113d3a99c3da401fbd62cc2caa5b96d2 54fadb412c4e40cdbaed9335e4c35a9e - - -,"10.11.10.1 ""GET /v2/54fadb412c4e40cdbaed9335e4c35a9e/servers/detail HTTP/1.1"" status: 200 len: 1583 time: 0.1915262",0,<*> <*> <*>HTTP<*>status: <*> len: <*> time: <*>.<*>,"['10.11.10.1', '""GET /v2/54fadb412c4e40cdbaed9335e4c35a9e/servers/detail ', '/1.1"" ', '200', '1583', '0.1915262']"
359,nova-compute.log.2017-05-14_21:27:09,2017-05-14,19:41:50.471,2931,INFO,nova.compute.claims,req-8f264889-3d83-4a1d-8201-f9b83495f69d 113d3a99c3da401fbd62cc2caa5b96d2 54fadb412c4e40cdbaed9335e4c35a9e - - -,"[instance: 20ae04a8-169b-43fc-87cc-52cdf2fa77d3] Attempting claim: memory 2048 MB, disk 20 GB, vcpus 1 CPU",18,"<*> Attempting claim: memory <*> MB, disk <*> GB, vcpus <*> CPU","['[instance: 20ae04a8-169b-43fc-87cc-52cdf2fa77d3]', '2048', '20', '1']"
360,nova-compute.log.2017-05-14_21:27:09,2017-05-14,19:41:50.472,2931,INFO,nova.compute.claims,req-8f264889-3d83-4a1d-8201-f9b83495f69d 113d3a99c3da401fbd62cc2caa5b96d2 54fadb412c4e40cdbaed9335e4c35a9e - - -,"[instance: 20ae04a8-169b-43fc-87cc-52cdf2fa77d3] Total memory: 64172 MB, used: 512.00 MB",19,"<*> <*> <*> <*> MB, <*> <*>.<*> MB","['[instance:', '20ae04a8-169b-43fc-87cc-52cdf2fa77d3] Total memory: 64172', 'used: 512', '00']"
361,nova-compute.log.2017-05-14_21:27:09,2017-05-14,19:41:50.473,2931,INFO,nova.compute.claims,req-8f264889-3d83-4a1d-8201-f9b83495f69d 113d3a99c3da401fbd62cc2caa5b96d2 54fadb412c4e40cdbaed9335e4c35a9e - - -,"[instance: 20ae04a8-169b-43fc-87cc-52cdf2fa77d3] memory limit: 96258.00 MB, free: 95746.00 MB",19,"<*> <*> <*> <*> MB, <*> <*>.<*> MB","['[instance:', '20ae04a8-169b-43fc-87cc-52cdf2fa77d3] memory limit: 96258.00', 'free: 95746', '00']"
362,nova-compute.log.2017-05-14_21:27:09,2017-05-14,19:41:50.473,2931,INFO,nova.compute.claims,req-8f264889-3d83-4a1d-8201-f9b83495f69d 113d3a99c3da401fbd62cc2caa5b96d2 54fadb412c4e40cdbaed9335e4c35a9e - - -,"[instance: 20ae04a8-169b-43fc-87cc-52cdf2fa77d3] Total disk: 15 GB, used: 0.00 GB",20,<*> Total <*> <*> <*> used: <*>.<*> <*>,"['[instance: 20ae04a8-169b-43fc-87cc-52cdf2fa77d3]', 'disk:', '15 GB,', '0.00', 'GB']"
363,nova-compute.log.2017-05-14_21:27:09,2017-05-14,19:41:50.473,2931,INFO,nova.compute.claims,req-8f264889-3d83-4a1d-8201-f9b83495f69d 113d3a99c3da401fbd62cc2caa5b96d2 54fadb412c4e40cdbaed9335e4c35a9e - - -,"[instance: 20ae04a8-169b-43fc-87cc-52cdf2fa77d3] disk limit not specified, defaulting to unlimited",21,"<*> <*> limit not specified, defaulting to unlimited",['[instance: 20ae04a8-169b-43fc-87cc-52cdf2fa77d3] disk']
364,nova-compute.log.2017-05-14_21:27:09,2017-05-14,19:41:50.474,2931,INFO,nova.compute.claims,req-8f264889-3d83-4a1d-8201-f9b83495f69d 113d3a99c3da401fbd62cc2caa5b96d2 54fadb412c4e40cdbaed9335e4c35a9e - - -,"[instance: 20ae04a8-169b-43fc-87cc-52cdf2fa77d3] Total vcpu: 16 VCPU, used: 0.00 VCPU",20,<*> Total <*> <*> <*> used: <*>.<*> <*>,"['[instance: 20ae04a8-169b-43fc-87cc-52cdf2fa77d3]', 'vcpu:', '16 VCPU,', '0.00', 'VCPU']"
365,nova-compute.log.2017-05-14_21:27:09,2017-05-14,19:41:50.474,2931,INFO,nova.compute.claims,req-8f264889-3d83-4a1d-8201-f9b83495f69d 113d3a99c3da401fbd62cc2caa5b96d2 54fadb412c4e40cdbaed9335e4c35a9e - - -,"[instance: 20ae04a8-169b-43fc-87cc-52cdf2fa77d3] vcpu limit not specified, defaulting to unlimited",21,"<*> <*> limit not specified, defaulting to unlimited",['[instance: 20ae04a8-169b-43fc-87cc-52cdf2fa77d3] vcpu']
366,nova-compute.log.2017-05-14_21:27:09,2017-05-14,19:41:50.508,2931,INFO,nova.compute.claims,req-8f264889-3d83-4a1d-8201-f9b83495f69d 113d3a99c3da401fbd62cc2caa5b96d2 54fadb412c4e40cdbaed9335e4c35a9e - - -,[instance: 20ae04a8-169b-43fc-87cc-52cdf2fa77d3] Claim successful,22,<*> Claim successful,['[instance: 20ae04a8-169b-43fc-87cc-52cdf2fa77d3]']
367,nova-api.log.2017-05-14_21:27:04,2017-05-14,19:41:50.567,25746,INFO,nova.osapi_compute.wsgi.server,req-f7885238-bcd2-4d96-93ef-fef069b55555 113d3a99c3da401fbd62cc2caa5b96d2 54fadb412c4e40cdbaed9335e4c35a9e - - -,"10.11.10.1 ""GET /v2/54fadb412c4e40cdbaed9335e4c35a9e/servers/detail HTTP/1.1"" status: 200 len: 1575 time: 0.1891470",0,<*> <*> <*>HTTP<*>status: <*> len: <*> time: <*>.<*>,"['10.11.10.1', '""GET /v2/54fadb412c4e40cdbaed9335e4c35a9e/servers/detail ', '/1.1"" ', '200', '1575', '0.1891470']"
368,nova-api.log.2017-05-14_21:27:04,2017-05-14,19:41:50.765,25746,INFO,nova.osapi_compute.wsgi.server,req-a023b4f5-a1df-434c-ba74-ce193f36b84f 113d3a99c3da401fbd62cc2caa5b96d2 54fadb412c4e40cdbaed9335e4c35a9e - - -,"10.11.10.1 ""GET /v2/54fadb412c4e40cdbaed9335e4c35a9e/servers/20ae04a8-169b-43fc-87cc-52cdf2fa77d3 HTTP/1.1"" status: 200 len: 1708 time: 0.1952829",0,<*> <*> <*>HTTP<*>status: <*> len: <*> time: <*>.<*>,"['10.11.10.1', '""GET /v2/54fadb412c4e40cdbaed9335e4c35a9e/servers/20ae04a8-169b-43fc-87cc-52cdf2fa77d3 ', '/1.1"" ', '200', '1708', '0.1952829']"
369,nova-compute.log.2017-05-14_21:27:09,2017-05-14,19:41:51.085,2931,INFO,nova.virt.libvirt.driver,req-8f264889-3d83-4a1d-8201-f9b83495f69d 113d3a99c3da401fbd62cc2caa5b96d2 54fadb412c4e40cdbaed9335e4c35a9e - - -,[instance: 20ae04a8-169b-43fc-87cc-52cdf2fa77d3] Creating image,1,<*> Creating image,['[instance: 20ae04a8-169b-43fc-87cc-52cdf2fa77d3]']
370,nova-compute.log.2017-05-14_21:27:09,2017-05-14,19:41:51.158,2931,INFO,nova.compute.resource_tracker,req-addc1839-2ed5-4778-b57e-5854eb7b8b09 - - - - -,Auditing locally available compute resources for node cp-1.slowvm1.tcloud-pg0.utah.cloudlab.us,23,Auditing locally available compute resources for node cp-<*>.slowvm<*>.tcloud-pg<*>.utah.cloudlab.us,"['1', '1', '0']"
371,nova-api.log.2017-05-14_21:27:04,2017-05-14,19:41:52.148,25746,INFO,nova.osapi_compute.wsgi.server,req-83eced71-cf2e-481a-af52-061da240d990 113d3a99c3da401fbd62cc2caa5b96d2 54fadb412c4e40cdbaed9335e4c35a9e - - -,"10.11.10.1 ""GET /v2/54fadb412c4e40cdbaed9335e4c35a9e/servers/detail HTTP/1.1"" status: 200 len: 1759 time: 0.3774960",0,<*> <*> <*>HTTP<*>status: <*> len: <*> time: <*>.<*>,"['10.11.10.1', '""GET /v2/54fadb412c4e40cdbaed9335e4c35a9e/servers/detail ', '/1.1"" ', '200', '1759', '0.3774960']"
372,nova-api.log.2017-05-14_21:27:04,2017-05-14,19:41:52.413,25746,INFO,nova.osapi_compute.wsgi.server,req-b42c5259-f293-459d-bd10-72def21ea2d6 113d3a99c3da401fbd62cc2caa5b96d2 54fadb412c4e40cdbaed9335e4c35a9e - - -,"10.11.10.1 ""GET /v2/54fadb412c4e40cdbaed9335e4c35a9e/servers/detail HTTP/1.1"" status: 200 len: 1759 time: 0.2592340",0,<*> <*> <*>HTTP<*>status: <*> len: <*> time: <*>.<*>,"['10.11.10.1', '""GET /v2/54fadb412c4e40cdbaed9335e4c35a9e/servers/detail ', '/1.1"" ', '200', '1759', '0.2592340']"
373,nova-compute.log.2017-05-14_21:27:09,2017-05-14,19:41:52.434,2931,INFO,nova.compute.manager,-,[instance: 748f18b4-88e3-4b60-822a-f2b25fac50b2] VM Stopped (Lifecycle Event),2,<*> VM <*> (Lifecycle Event),"['[instance: 748f18b4-88e3-4b60-822a-f2b25fac50b2]', 'Stopped']"
374,nova-compute.log.2017-05-14_21:27:09,2017-05-14,19:41:52.812,2931,INFO,nova.compute.resource_tracker,req-addc1839-2ed5-4778-b57e-5854eb7b8b09 - - - - -,"Total usable vcpus: 16, total allocated vcpus: 1",24,"Total usable vcpus: <*>, total allocated vcpus: <*>","['16', '1']"
375,nova-compute.log.2017-05-14_21:27:09,2017-05-14,19:41:52.813,2931,INFO,nova.compute.resource_tracker,req-addc1839-2ed5-4778-b57e-5854eb7b8b09 - - - - -,Final resource view: name=cp-1.slowvm1.tcloud-pg0.utah.cloudlab.us phys_ram=64172MB used_ram=2560MB phys_disk=15GB used_disk=20GB total_vcpus=16 used_vcpus=1 pci_stats=[],25,Final resource view: name=cp-<*>.slowvm<*>.tcloud-pg<*>.utah.cloudlab.us phys_ram=<*>MB used_ram=<*>MB phys_disk=<*>GB used_disk=<*>GB total_vcpus=<*> used_vcpus=<*> pci_stats=<*>,"['1', '1', '0', '64172', '2560', '15', '20', '16', '1', '[]']"
376,nova-compute.log.2017-05-14_21:27:09,2017-05-14,19:41:52.879,2931,INFO,nova.compute.resource_tracker,req-addc1839-2ed5-4778-b57e-5854eb7b8b09 - - - - -,Compute_service record updated for cp-1.slowvm1.tcloud-pg0.utah.cloudlab.us:cp-1.slowvm1.tcloud-pg0.utah.cloudlab.us,26,Compute_service record updated for cp-<*>.slowvm<*>.tcloud-pg<*>.utah.cloudlab.us:cp-<*>.slowvm<*>.tcloud-pg<*>.utah.cloudlab.us,"['1', '1', '0', '1', '1', '0']"
377,nova-api.log.2017-05-14_21:27:04,2017-05-14,19:41:53.682,25746,INFO,nova.osapi_compute.wsgi.server,req-07050bf0-1776-4733-ab37-cd073d9f6dd3 113d3a99c3da401fbd62cc2caa5b96d2 54fadb412c4e40cdbaed9335e4c35a9e - - -,"10.11.10.1 ""GET /v2/54fadb412c4e40cdbaed9335e4c35a9e/servers/detail HTTP/1.1"" status: 200 len: 1893 time: 0.2633202",0,<*> <*> <*>HTTP<*>status: <*> len: <*> time: <*>.<*>,"['10.11.10.1', '""GET /v2/54fadb412c4e40cdbaed9335e4c35a9e/servers/detail ', '/1.1"" ', '200', '1893', '0.2633202']"
378,nova-api.log.2017-05-14_21:27:04,2017-05-14,19:41:53.946,25746,INFO,nova.osapi_compute.wsgi.server,req-3355ee36-5bc1-44de-ac58-bea5b14bad3c 113d3a99c3da401fbd62cc2caa5b96d2 54fadb412c4e40cdbaed9335e4c35a9e - - -,"10.11.10.1 ""GET /v2/54fadb412c4e40cdbaed9335e4c35a9e/servers/detail HTTP/1.1"" status: 200 len: 1893 time: 0.2616019",0,<*> <*> <*>HTTP<*>status: <*> len: <*> time: <*>.<*>,"['10.11.10.1', '""GET /v2/54fadb412c4e40cdbaed9335e4c35a9e/servers/detail ', '/1.1"" ', '200', '1893', '0.2616019']"
379,nova-api.log.2017-05-14_21:27:04,2017-05-14,19:41:55.222,25746,INFO,nova.osapi_compute.wsgi.server,req-d5534273-7a4e-42e9-abe3-2fe3e50c7287 113d3a99c3da401fbd62cc2caa5b96d2 54fadb412c4e40cdbaed9335e4c35a9e - - -,"10.11.10.1 ""GET /v2/54fadb412c4e40cdbaed9335e4c35a9e/servers/detail HTTP/1.1"" status: 200 len: 1893 time: 0.2713549",0,<*> <*> <*>HTTP<*>status: <*> len: <*> time: <*>.<*>,"['10.11.10.1', '""GET /v2/54fadb412c4e40cdbaed9335e4c35a9e/servers/detail ', '/1.1"" ', '200', '1893', '0.2713549']"
380,nova-api.log.2017-05-14_21:27:04,2017-05-14,19:41:55.488,25746,INFO,nova.osapi_compute.wsgi.server,req-5320cf31-9caa-4f5d-9278-d6fc6092ecd1 113d3a99c3da401fbd62cc2caa5b96d2 54fadb412c4e40cdbaed9335e4c35a9e - - -,"10.11.10.1 ""GET /v2/54fadb412c4e40cdbaed9335e4c35a9e/servers/detail HTTP/1.1"" status: 200 len: 1893 time: 0.2631652",0,<*> <*> <*>HTTP<*>status: <*> len: <*> time: <*>.<*>,"['10.11.10.1', '""GET /v2/54fadb412c4e40cdbaed9335e4c35a9e/servers/detail ', '/1.1"" ', '200', '1893', '0.2631652']"
381,nova-api.log.2017-05-14_21:27:04,2017-05-14,19:41:56.771,25746,INFO,nova.osapi_compute.wsgi.server,req-61991f68-a921-4ee0-9573-40e6c6d83258 113d3a99c3da401fbd62cc2caa5b96d2 54fadb412c4e40cdbaed9335e4c35a9e - - -,"10.11.10.1 ""GET /v2/54fadb412c4e40cdbaed9335e4c35a9e/servers/detail HTTP/1.1"" status: 200 len: 1893 time: 0.2774520",0,<*> <*> <*>HTTP<*>status: <*> len: <*> time: <*>.<*>,"['10.11.10.1', '""GET /v2/54fadb412c4e40cdbaed9335e4c35a9e/servers/detail ', '/1.1"" ', '200', '1893', '0.2774520']"
382,nova-api.log.2017-05-14_21:27:04,2017-05-14,19:41:57.041,25746,INFO,nova.osapi_compute.wsgi.server,req-dc887e67-822e-4c8e-a867-6283dde94b90 113d3a99c3da401fbd62cc2caa5b96d2 54fadb412c4e40cdbaed9335e4c35a9e - - -,"10.11.10.1 ""GET /v2/54fadb412c4e40cdbaed9335e4c35a9e/servers/detail HTTP/1.1"" status: 200 len: 1893 time: 0.2647920",0,<*> <*> <*>HTTP<*>status: <*> len: <*> time: <*>.<*>,"['10.11.10.1', '""GET /v2/54fadb412c4e40cdbaed9335e4c35a9e/servers/detail ', '/1.1"" ', '200', '1893', '0.2647920']"
383,nova-api.log.2017-05-14_21:27:04,2017-05-14,19:41:58.316,25746,INFO,nova.osapi_compute.wsgi.server,req-804cd0a8-a2bb-4da2-8579-b4b1336b10b2 113d3a99c3da401fbd62cc2caa5b96d2 54fadb412c4e40cdbaed9335e4c35a9e - - -,"10.11.10.1 ""GET /v2/54fadb412c4e40cdbaed9335e4c35a9e/servers/detail HTTP/1.1"" status: 200 len: 1893 time: 0.2688999",0,<*> <*> <*>HTTP<*>status: <*> len: <*> time: <*>.<*>,"['10.11.10.1', '""GET /v2/54fadb412c4e40cdbaed9335e4c35a9e/servers/detail ', '/1.1"" ', '200', '1893', '0.2688999']"
384,nova-api.log.2017-05-14_21:27:04,2017-05-14,19:41:58.581,25746,INFO,nova.osapi_compute.wsgi.server,req-9ae9c06c-8bea-4826-afbf-49a09cfa60fd 113d3a99c3da401fbd62cc2caa5b96d2 54fadb412c4e40cdbaed9335e4c35a9e - - -,"10.11.10.1 ""GET /v2/54fadb412c4e40cdbaed9335e4c35a9e/servers/detail HTTP/1.1"" status: 200 len: 1893 time: 0.2600820",0,<*> <*> <*>HTTP<*>status: <*> len: <*> time: <*>.<*>,"['10.11.10.1', '""GET /v2/54fadb412c4e40cdbaed9335e4c35a9e/servers/detail ', '/1.1"" ', '200', '1893', '0.2600820']"
385,nova-api.log.2017-05-14_21:27:04,2017-05-14,19:41:59.844,25746,INFO,nova.osapi_compute.wsgi.server,req-f3f78716-1836-4bff-8053-13183c60fe00 113d3a99c3da401fbd62cc2caa5b96d2 54fadb412c4e40cdbaed9335e4c35a9e - - -,"10.11.10.1 ""GET /v2/54fadb412c4e40cdbaed9335e4c35a9e/servers/detail HTTP/1.1"" status: 200 len: 1893 time: 0.2580070",0,<*> <*> <*>HTTP<*>status: <*> len: <*> time: <*>.<*>,"['10.11.10.1', '""GET /v2/54fadb412c4e40cdbaed9335e4c35a9e/servers/detail ', '/1.1"" ', '200', '1893', '0.2580070']"
386,nova-api.log.2017-05-14_21:27:04,2017-05-14,19:42:00.093,25746,INFO,nova.osapi_compute.wsgi.server,req-a864a5a4-0b40-4169-8a75-e714db6c9ddf 113d3a99c3da401fbd62cc2caa5b96d2 54fadb412c4e40cdbaed9335e4c35a9e - - -,"10.11.10.1 ""GET /v2/54fadb412c4e40cdbaed9335e4c35a9e/servers/detail HTTP/1.1"" status: 200 len: 1893 time: 0.2445941",0,<*> <*> <*>HTTP<*>status: <*> len: <*> time: <*>.<*>,"['10.11.10.1', '""GET /v2/54fadb412c4e40cdbaed9335e4c35a9e/servers/detail ', '/1.1"" ', '200', '1893', '0.2445941']"
387,nova-api.log.2017-05-14_21:27:04,2017-05-14,19:42:01.365,25746,INFO,nova.osapi_compute.wsgi.server,req-ef460866-a062-49b1-a385-eee1866ab9a8 113d3a99c3da401fbd62cc2caa5b96d2 54fadb412c4e40cdbaed9335e4c35a9e - - -,"10.11.10.1 ""GET /v2/54fadb412c4e40cdbaed9335e4c35a9e/servers/detail HTTP/1.1"" status: 200 len: 1893 time: 0.2666390",0,<*> <*> <*>HTTP<*>status: <*> len: <*> time: <*>.<*>,"['10.11.10.1', '""GET /v2/54fadb412c4e40cdbaed9335e4c35a9e/servers/detail ', '/1.1"" ', '200', '1893', '0.2666390']"
388,nova-api.log.2017-05-14_21:27:04,2017-05-14,19:42:01.646,25746,INFO,nova.osapi_compute.wsgi.server,req-2282246c-aec4-48ed-8166-28a097a3c339 113d3a99c3da401fbd62cc2caa5b96d2 54fadb412c4e40cdbaed9335e4c35a9e - - -,"10.11.10.1 ""GET /v2/54fadb412c4e40cdbaed9335e4c35a9e/servers/detail HTTP/1.1"" status: 200 len: 1893 time: 0.2754579",0,<*> <*> <*>HTTP<*>status: <*> len: <*> time: <*>.<*>,"['10.11.10.1', '""GET /v2/54fadb412c4e40cdbaed9335e4c35a9e/servers/detail ', '/1.1"" ', '200', '1893', '0.2754579']"
389,nova-api.log.2017-05-14_21:27:04,2017-05-14,19:42:02.941,25746,INFO,nova.osapi_compute.wsgi.server,req-1e9a1337-4bb5-4714-b6e6-e51a1e4c1674 113d3a99c3da401fbd62cc2caa5b96d2 54fadb412c4e40cdbaed9335e4c35a9e - - -,"10.11.10.1 ""GET /v2/54fadb412c4e40cdbaed9335e4c35a9e/servers/detail HTTP/1.1"" status: 200 len: 1893 time: 0.2885828",0,<*> <*> <*>HTTP<*>status: <*> len: <*> time: <*>.<*>,"['10.11.10.1', '""GET /v2/54fadb412c4e40cdbaed9335e4c35a9e/servers/detail ', '/1.1"" ', '200', '1893', '0.2885828']"
390,nova-api.log.2017-05-14_21:27:04,2017-05-14,19:42:03.217,25746,INFO,nova.osapi_compute.wsgi.server,req-c96737b8-1906-4bda-b44d-e9333d0c54ce 113d3a99c3da401fbd62cc2caa5b96d2 54fadb412c4e40cdbaed9335e4c35a9e - - -,"10.11.10.1 ""GET /v2/54fadb412c4e40cdbaed9335e4c35a9e/servers/detail HTTP/1.1"" status: 200 len: 1893 time: 0.2713850",0,<*> <*> <*>HTTP<*>status: <*> len: <*> time: <*>.<*>,"['10.11.10.1', '""GET /v2/54fadb412c4e40cdbaed9335e4c35a9e/servers/detail ', '/1.1"" ', '200', '1893', '0.2713850']"
391,nova-compute.log.2017-05-14_21:27:09,2017-05-14,19:42:04.363,2931,INFO,nova.compute.manager,req-3ea4052c-895d-4b64-9e2d-04d64c4d94ab - - - - -,[instance: 20ae04a8-169b-43fc-87cc-52cdf2fa77d3] VM Started (Lifecycle Event),2,<*> VM <*> (Lifecycle Event),"['[instance: 20ae04a8-169b-43fc-87cc-52cdf2fa77d3]', 'Started']"
392,nova-compute.log.2017-05-14_21:27:09,2017-05-14,19:42:04.429,2931,INFO,nova.compute.manager,req-3ea4052c-895d-4b64-9e2d-04d64c4d94ab - - - - -,[instance: 20ae04a8-169b-43fc-87cc-52cdf2fa77d3] VM Paused (Lifecycle Event),2,<*> VM <*> (Lifecycle Event),"['[instance: 20ae04a8-169b-43fc-87cc-52cdf2fa77d3]', 'Paused']"
393,nova-api.log.2017-05-14_21:27:04,2017-05-14,19:42:04.485,25746,INFO,nova.osapi_compute.wsgi.server,req-4b039a77-3855-4f75-ac49-9251cf09be92 113d3a99c3da401fbd62cc2caa5b96d2 54fadb412c4e40cdbaed9335e4c35a9e - - -,"10.11.10.1 ""GET /v2/54fadb412c4e40cdbaed9335e4c35a9e/servers/detail HTTP/1.1"" status: 200 len: 1893 time: 0.2629569",0,<*> <*> <*>HTTP<*>status: <*> len: <*> time: <*>.<*>,"['10.11.10.1', '""GET /v2/54fadb412c4e40cdbaed9335e4c35a9e/servers/detail ', '/1.1"" ', '200', '1893', '0.2629569']"
394,nova-compute.log.2017-05-14_21:27:09,2017-05-14,19:42:04.560,2931,INFO,nova.compute.manager,req-3ea4052c-895d-4b64-9e2d-04d64c4d94ab - - - - -,[instance: 20ae04a8-169b-43fc-87cc-52cdf2fa77d3] During sync_power_state the instance has a pending task (spawning). Skip.,4,<*> During sync_power_state the instance has a pending task (spawning). Skip.,['[instance: 20ae04a8-169b-43fc-87cc-52cdf2fa77d3]']
395,nova-api.log.2017-05-14_21:27:04,2017-05-14,19:42:04.758,25746,INFO,nova.osapi_compute.wsgi.server,req-091886df-1f9c-4a60-b051-f7f5c0429394 113d3a99c3da401fbd62cc2caa5b96d2 54fadb412c4e40cdbaed9335e4c35a9e - - -,"10.11.10.1 ""GET /v2/54fadb412c4e40cdbaed9335e4c35a9e/servers/detail HTTP/1.1"" status: 200 len: 1893 time: 0.2678540",0,<*> <*> <*>HTTP<*>status: <*> len: <*> time: <*>.<*>,"['10.11.10.1', '""GET /v2/54fadb412c4e40cdbaed9335e4c35a9e/servers/detail ', '/1.1"" ', '200', '1893', '0.2678540']"
396,nova-compute.log.2017-05-14_21:27:09,2017-05-14,19:42:05.239,2931,INFO,nova.virt.libvirt.imagecache,req-addc1839-2ed5-4778-b57e-5854eb7b8b09 - - - - -,image 0673dd71-34c5-4fbb-86c4-40623fbe45b4 at (/var/lib/nova/instances/_base/a489c868f0c37da93b76227c91bb03908ac0e742): checking,5,image <*>dd<*>-<*>c<*>-<*>fbb-<*>c<*>-<*>fbe<*>b<*> at (<*>checking,"['0673', '71-34', '5-4', '86c4', '40623', '45b4', '/var/lib/nova/instances/_base/a489c868f0c37da93b76227c91bb03908ac0e742): ']"
397,nova-compute.log.2017-05-14_21:27:09,2017-05-14,19:42:05.240,2931,INFO,nova.virt.libvirt.imagecache,req-addc1839-2ed5-4778-b57e-5854eb7b8b09 - - - - -,"image 0673dd71-34c5-4fbb-86c4-40623fbe45b4 at (/var/lib/nova/instances/_base/a489c868f0c37da93b76227c91bb03908ac0e742): in use: on this node 1 local, 0 on other nodes sharing this instance storage",6,"image <*>dd<*>-<*>c<*>-<*>fbb-<*>c<*>-<*>fbe<*>b<*> at (<*>in use: on this node <*> local, <*> on other nodes sharing this instance storage","['0673', '71-34', '5-4', '86c4', '40623', '45b4', '/var/lib/nova/instances/_base/a489c868f0c37da93b76227c91bb03908ac0e742): ', '1', '0']"
398,nova-compute.log.2017-05-14_21:27:09,2017-05-14,19:42:05.418,2931,INFO,nova.virt.libvirt.imagecache,req-addc1839-2ed5-4778-b57e-5854eb7b8b09 - - - - -,Active base files: /var/lib/nova/instances/_base/a489c868f0c37da93b76227c91bb03908ac0e742,7,<*> base <*> /var/lib/nova/instances/_base/a<*>c<*>f<*>c<*>da<*>b<*>c<*>bb<*>ac<*>e<*>,"['Active', 'files:', '489c868', '0c37', '93b76227', '91', '03908', '0e742']"
399,nova-api.log.2017-05-14_21:27:04,2017-05-14,19:42:06.051,25746,INFO,nova.osapi_compute.wsgi.server,req-0d8242f5-1091-489d-8c34-c4929755bda4 113d3a99c3da401fbd62cc2caa5b96d2 54fadb412c4e40cdbaed9335e4c35a9e - - -,"10.11.10.1 ""GET /v2/54fadb412c4e40cdbaed9335e4c35a9e/servers/detail HTTP/1.1"" status: 200 len: 1893 time: 0.2863560",0,<*> <*> <*>HTTP<*>status: <*> len: <*> time: <*>.<*>,"['10.11.10.1', '""GET /v2/54fadb412c4e40cdbaed9335e4c35a9e/servers/detail ', '/1.1"" ', '200', '1893', '0.2863560']"
400,nova-api.log.2017-05-14_21:27:04,2017-05-14,19:42:06.379,25746,INFO,nova.osapi_compute.wsgi.server,req-39c61d10-3c74-4364-a1d4-aac64588c207 113d3a99c3da401fbd62cc2caa5b96d2 54fadb412c4e40cdbaed9335e4c35a9e - - -,"10.11.10.1 ""GET /v2/54fadb412c4e40cdbaed9335e4c35a9e/servers/detail HTTP/1.1"" status: 200 len: 1893 time: 0.3247759",0,<*> <*> <*>HTTP<*>status: <*> len: <*> time: <*>.<*>,"['10.11.10.1', '""GET /v2/54fadb412c4e40cdbaed9335e4c35a9e/servers/detail ', '/1.1"" ', '200', '1893', '0.3247759']"
401,nova-api.log.2017-05-14_21:27:04,2017-05-14,19:42:07.660,25746,INFO,nova.osapi_compute.wsgi.server,req-b23a07dc-2c20-44a0-8977-df81454012c8 113d3a99c3da401fbd62cc2caa5b96d2 54fadb412c4e40cdbaed9335e4c35a9e - - -,"10.11.10.1 ""GET /v2/54fadb412c4e40cdbaed9335e4c35a9e/servers/detail HTTP/1.1"" status: 200 len: 1893 time: 0.2747002",0,<*> <*> <*>HTTP<*>status: <*> len: <*> time: <*>.<*>,"['10.11.10.1', '""GET /v2/54fadb412c4e40cdbaed9335e4c35a9e/servers/detail ', '/1.1"" ', '200', '1893', '0.2747002']"
402,nova-api.log.2017-05-14_21:27:04,2017-05-14,19:42:07.929,25746,INFO,nova.osapi_compute.wsgi.server,req-6c145575-9865-4015-849b-3ada3338b1c9 113d3a99c3da401fbd62cc2caa5b96d2 54fadb412c4e40cdbaed9335e4c35a9e - - -,"10.11.10.1 ""GET /v2/54fadb412c4e40cdbaed9335e4c35a9e/servers/detail HTTP/1.1"" status: 200 len: 1893 time: 0.2645168",0,<*> <*> <*>HTTP<*>status: <*> len: <*> time: <*>.<*>,"['10.11.10.1', '""GET /v2/54fadb412c4e40cdbaed9335e4c35a9e/servers/detail ', '/1.1"" ', '200', '1893', '0.2645168']"
403,nova-api.log.2017-05-14_21:27:04,2017-05-14,19:42:09.205,25746,INFO,nova.osapi_compute.wsgi.server,req-af6ade6b-bfbb-4200-b1d1-0d5afcd5a31b 113d3a99c3da401fbd62cc2caa5b96d2 54fadb412c4e40cdbaed9335e4c35a9e - - -,"10.11.10.1 ""GET /v2/54fadb412c4e40cdbaed9335e4c35a9e/servers/detail HTTP/1.1"" status: 200 len: 1893 time: 0.2710400",0,<*> <*> <*>HTTP<*>status: <*> len: <*> time: <*>.<*>,"['10.11.10.1', '""GET /v2/54fadb412c4e40cdbaed9335e4c35a9e/servers/detail ', '/1.1"" ', '200', '1893', '0.2710400']"
404,nova-api.log.2017-05-14_21:27:04,2017-05-14,19:42:09.485,25746,INFO,nova.osapi_compute.wsgi.server,req-edff08ca-8cc9-4134-864b-91c4a8f79fcd 113d3a99c3da401fbd62cc2caa5b96d2 54fadb412c4e40cdbaed9335e4c35a9e - - -,"10.11.10.1 ""GET /v2/54fadb412c4e40cdbaed9335e4c35a9e/servers/detail HTTP/1.1"" status: 200 len: 1893 time: 0.2763629",0,<*> <*> <*>HTTP<*>status: <*> len: <*> time: <*>.<*>,"['10.11.10.1', '""GET /v2/54fadb412c4e40cdbaed9335e4c35a9e/servers/detail ', '/1.1"" ', '200', '1893', '0.2763629']"
405,nova-api.log.2017-05-14_21:27:04,2017-05-14,19:42:10.168,25743,INFO,nova.api.openstack.compute.server_external_events,req-445d4b16-664f-4aef-9f77-cd500b68ce36 f7b8d1f1d4d44643b07fa10ca7d021fb e9746973ac574c6b8a9e8857f56a7608 - - -,Creating event network-vif-plugged:287115a3-2867-4bd1-af57-8bf27a3f7c98 for instance 20ae04a8-169b-43fc-87cc-52cdf2fa77d3,8,Creating event <*> for instance <*>,"['network-vif-plugged:287115a3-2867-4bd1-af57-8bf27a3f7c98', '20ae04a8-169b-43fc-87cc-52cdf2fa77d3']"
406,nova-api.log.2017-05-14_21:27:04,2017-05-14,19:42:10.174,25743,INFO,nova.osapi_compute.wsgi.server,req-445d4b16-664f-4aef-9f77-cd500b68ce36 f7b8d1f1d4d44643b07fa10ca7d021fb e9746973ac574c6b8a9e8857f56a7608 - - -,"10.11.10.1 ""POST /v2/e9746973ac574c6b8a9e8857f56a7608/os-server-external-events HTTP/1.1"" status: 200 len: 380 time: 0.0975070",0,<*> <*> <*>HTTP<*>status: <*> len: <*> time: <*>.<*>,"['10.11.10.1', '""POST /v2/e9746973ac574c6b8a9e8857f56a7608/os-server-external-events ', '/1.1"" ', '200', '380', '0.0975070']"
407,nova-compute.log.2017-05-14_21:27:09,2017-05-14,19:42:10.183,2931,INFO,nova.compute.manager,req-3ea4052c-895d-4b64-9e2d-04d64c4d94ab - - - - -,[instance: 20ae04a8-169b-43fc-87cc-52cdf2fa77d3] VM Resumed (Lifecycle Event),2,<*> VM <*> (Lifecycle Event),"['[instance: 20ae04a8-169b-43fc-87cc-52cdf2fa77d3]', 'Resumed']"
408,nova-compute.log.2017-05-14_21:27:09,2017-05-14,19:42:10.192,2931,INFO,nova.virt.libvirt.driver,-,[instance: 20ae04a8-169b-43fc-87cc-52cdf2fa77d3] Instance spawned successfully.,9,<*> Instance <*> successfully.,"['[instance: 20ae04a8-169b-43fc-87cc-52cdf2fa77d3]', 'spawned']"
409,nova-compute.log.2017-05-14_21:27:09,2017-05-14,19:42:10.193,2931,INFO,nova.compute.manager,req-8f264889-3d83-4a1d-8201-f9b83495f69d 113d3a99c3da401fbd62cc2caa5b96d2 54fadb412c4e40cdbaed9335e4c35a9e - - -,[instance: 20ae04a8-169b-43fc-87cc-52cdf2fa77d3] Took 19.11 seconds to spawn the instance on the hypervisor.,10,<*> Took <*>.<*> seconds to <*> the instance on the hypervisor.,"['[instance: 20ae04a8-169b-43fc-87cc-52cdf2fa77d3]', '19.11', 'spawn']"
410,nova-compute.log.2017-05-14_21:27:09,2017-05-14,19:42:10.337,2931,INFO,nova.compute.manager,req-8f264889-3d83-4a1d-8201-f9b83495f69d 113d3a99c3da401fbd62cc2caa5b96d2 54fadb412c4e40cdbaed9335e4c35a9e - - -,[instance: 20ae04a8-169b-43fc-87cc-52cdf2fa77d3] Took 19.88 seconds to build instance.,11,<*> Took <*>.<*> seconds to build instance.,"['[instance: 20ae04a8-169b-43fc-87cc-52cdf2fa77d3]', '19.88']"
411,nova-compute.log.2017-05-14_21:27:09,2017-05-14,19:42:10.411,2931,INFO,nova.compute.manager,req-3ea4052c-895d-4b64-9e2d-04d64c4d94ab - - - - -,[instance: 20ae04a8-169b-43fc-87cc-52cdf2fa77d3] VM Resumed (Lifecycle Event),2,<*> VM <*> (Lifecycle Event),"['[instance: 20ae04a8-169b-43fc-87cc-52cdf2fa77d3]', 'Resumed']"
412,nova-compute.log.2017-05-14_21:27:09,2017-05-14,19:42:10.474,2931,INFO,nova.virt.libvirt.imagecache,req-addc1839-2ed5-4778-b57e-5854eb7b8b09 - - - - -,image 0673dd71-34c5-4fbb-86c4-40623fbe45b4 at (/var/lib/nova/instances/_base/a489c868f0c37da93b76227c91bb03908ac0e742): checking,5,image <*>dd<*>-<*>c<*>-<*>fbb-<*>c<*>-<*>fbe<*>b<*> at (<*>checking,"['0673', '71-34', '5-4', '86c4', '40623', '45b4', '/var/lib/nova/instances/_base/a489c868f0c37da93b76227c91bb03908ac0e742): ']"
413,nova-compute.log.2017-05-14_21:27:09,2017-05-14,19:42:10.475,2931,INFO,nova.virt.libvirt.imagecache,req-addc1839-2ed5-4778-b57e-5854eb7b8b09 - - - - -,"image 0673dd71-34c5-4fbb-86c4-40623fbe45b4 at (/var/lib/nova/instances/_base/a489c868f0c37da93b76227c91bb03908ac0e742): in use: on this node 1 local, 0 on other nodes sharing this instance storage",6,"image <*>dd<*>-<*>c<*>-<*>fbb-<*>c<*>-<*>fbe<*>b<*> at (<*>in use: on this node <*> local, <*> on other nodes sharing this instance storage","['0673', '71-34', '5-4', '86c4', '40623', '45b4', '/var/lib/nova/instances/_base/a489c868f0c37da93b76227c91bb03908ac0e742): ', '1', '0']"
414,nova-compute.log.2017-05-14_21:27:09,2017-05-14,19:42:10.646,2931,INFO,nova.virt.libvirt.imagecache,req-addc1839-2ed5-4778-b57e-5854eb7b8b09 - - - - -,Active base files: /var/lib/nova/instances/_base/a489c868f0c37da93b76227c91bb03908ac0e742,7,<*> base <*> /var/lib/nova/instances/_base/a<*>c<*>f<*>c<*>da<*>b<*>c<*>bb<*>ac<*>e<*>,"['Active', 'files:', '489c868', '0c37', '93b76227', '91', '03908', '0e742']"
415,nova-api.log.2017-05-14_21:27:04,2017-05-14,19:42:10.925,25746,INFO,nova.osapi_compute.wsgi.server,req-e311cf36-00c9-4ef3-b698-e6e6385689f0 113d3a99c3da401fbd62cc2caa5b96d2 54fadb412c4e40cdbaed9335e4c35a9e - - -,"10.11.10.1 ""GET /v2/54fadb412c4e40cdbaed9335e4c35a9e/servers/detail HTTP/1.1"" status: 200 len: 1910 time: 0.4345441",0,<*> <*> <*>HTTP<*>status: <*> len: <*> time: <*>.<*>,"['10.11.10.1', '""GET /v2/54fadb412c4e40cdbaed9335e4c35a9e/servers/detail ', '/1.1"" ', '200', '1910', '0.4345441']"
416,nova-api.log.2017-05-14_21:27:04,2017-05-14,19:42:11.190,25746,INFO,nova.osapi_compute.wsgi.server,req-6ef541c6-9495-482a-b2ca-1d4935ffbb8a 113d3a99c3da401fbd62cc2caa5b96d2 54fadb412c4e40cdbaed9335e4c35a9e - - -,"10.11.10.1 ""GET /v2/54fadb412c4e40cdbaed9335e4c35a9e/servers/detail HTTP/1.1"" status: 200 len: 1910 time: 0.2609220",0,<*> <*> <*>HTTP<*>status: <*> len: <*> time: <*>.<*>,"['10.11.10.1', '""GET /v2/54fadb412c4e40cdbaed9335e4c35a9e/servers/detail ', '/1.1"" ', '200', '1910', '0.2609220']"
417,nova-compute.log.2017-05-14_21:27:09,2017-05-14,19:42:15.702,2931,INFO,nova.virt.libvirt.imagecache,req-addc1839-2ed5-4778-b57e-5854eb7b8b09 - - - - -,image 0673dd71-34c5-4fbb-86c4-40623fbe45b4 at (/var/lib/nova/instances/_base/a489c868f0c37da93b76227c91bb03908ac0e742): checking,5,image <*>dd<*>-<*>c<*>-<*>fbb-<*>c<*>-<*>fbe<*>b<*> at (<*>checking,"['0673', '71-34', '5-4', '86c4', '40623', '45b4', '/var/lib/nova/instances/_base/a489c868f0c37da93b76227c91bb03908ac0e742): ']"
418,nova-compute.log.2017-05-14_21:27:09,2017-05-14,19:42:15.703,2931,INFO,nova.virt.libvirt.imagecache,req-addc1839-2ed5-4778-b57e-5854eb7b8b09 - - - - -,"image 0673dd71-34c5-4fbb-86c4-40623fbe45b4 at (/var/lib/nova/instances/_base/a489c868f0c37da93b76227c91bb03908ac0e742): in use: on this node 1 local, 0 on other nodes sharing this instance storage",6,"image <*>dd<*>-<*>c<*>-<*>fbb-<*>c<*>-<*>fbe<*>b<*> at (<*>in use: on this node <*> local, <*> on other nodes sharing this instance storage","['0673', '71-34', '5-4', '86c4', '40623', '45b4', '/var/lib/nova/instances/_base/a489c868f0c37da93b76227c91bb03908ac0e742): ', '1', '0']"
419,nova-compute.log.2017-05-14_21:27:09,2017-05-14,19:42:15.884,2931,INFO,nova.virt.libvirt.imagecache,req-addc1839-2ed5-4778-b57e-5854eb7b8b09 - - - - -,Active base files: /var/lib/nova/instances/_base/a489c868f0c37da93b76227c91bb03908ac0e742,7,<*> base <*> /var/lib/nova/instances/_base/a<*>c<*>f<*>c<*>da<*>b<*>c<*>bb<*>ac<*>e<*>,"['Active', 'files:', '489c868', '0c37', '93b76227', '91', '03908', '0e742']"
420,nova-api.log.2017-05-14_21:27:04,2017-05-14,19:42:16.699,25791,INFO,nova.metadata.wsgi.server,req-755ae276-486b-4406-a885-92cb5ceff309 - - - - -,"10.11.11.229,10.11.10.1 ""GET /openstack/2012-08-10/meta_data.json HTTP/1.1"" status: 200 len: 264 time: 0.2291040",0,<*> <*> <*>HTTP<*>status: <*> len: <*> time: <*>.<*>,"['10.11.11.229,10.11.10.1', '""GET /openstack/2012-08-10/meta_data.json ', '/1.1"" ', '200', '264', '0.2291040']"
421,nova-api.log.2017-05-14_21:27:04,2017-05-14,19:42:16.710,25791,INFO,nova.metadata.wsgi.server,-,"10.11.11.229,10.11.10.1 ""GET /openstack/2013-10-17 HTTP/1.1"" status: 200 len: 157 time: 0.0008879",0,<*> <*> <*>HTTP<*>status: <*> len: <*> time: <*>.<*>,"['10.11.11.229,10.11.10.1', '""GET /openstack/2013-10-17 ', '/1.1"" ', '200', '157', '0.0008879']"
422,nova-api.log.2017-05-14_21:27:04,2017-05-14,19:42:17.016,25788,INFO,nova.metadata.wsgi.server,req-08580528-7277-4fde-8793-afc36e369636 - - - - -,"10.11.11.229,10.11.10.1 ""GET /openstack/2013-10-17/vendor_data.json HTTP/1.1"" status: 200 len: 124 time: 0.2224572",0,<*> <*> <*>HTTP<*>status: <*> len: <*> time: <*>.<*>,"['10.11.11.229,10.11.10.1', '""GET /openstack/2013-10-17/vendor_data.json ', '/1.1"" ', '200', '124', '0.2224572']"
423,nova-api.log.2017-05-14_21:27:04,2017-05-14,19:42:17.246,25784,INFO,nova.metadata.wsgi.server,req-f65756c6-48da-4a20-8c0d-4b3139966378 - - - - -,"10.11.11.229,10.11.10.1 ""GET /openstack/2013-10-17/vendor_data.json HTTP/1.1"" status: 200 len: 124 time: 0.2159901",0,<*> <*> <*>HTTP<*>status: <*> len: <*> time: <*>.<*>,"['10.11.11.229,10.11.10.1', '""GET /openstack/2013-10-17/vendor_data.json ', '/1.1"" ', '200', '124', '0.2159901']"
424,nova-api.log.2017-05-14_21:27:04,2017-05-14,19:42:17.469,25746,INFO,nova.osapi_compute.wsgi.server,req-e9737ee1-36d3-48e4-b646-768da6e1553c 113d3a99c3da401fbd62cc2caa5b96d2 54fadb412c4e40cdbaed9335e4c35a9e - - -,"10.11.10.1 ""DELETE /v2/54fadb412c4e40cdbaed9335e4c35a9e/servers/20ae04a8-169b-43fc-87cc-52cdf2fa77d3 HTTP/1.1"" status: 204 len: 203 time: 0.2694540",0,<*> <*> <*>HTTP<*>status: <*> len: <*> time: <*>.<*>,"['10.11.10.1', '""DELETE /v2/54fadb412c4e40cdbaed9335e4c35a9e/servers/20ae04a8-169b-43fc-87cc-52cdf2fa77d3 ', '/1.1"" ', '204', '203', '0.2694540']"
425,nova-api.log.2017-05-14_21:27:04,2017-05-14,19:42:17.507,25790,INFO,nova.metadata.wsgi.server,req-8020865b-a3a3-426c-8505-f52fd60c4624 - - - - -,"10.11.11.229,10.11.10.1 ""GET /openstack/2013-10-17/user_data HTTP/1.1"" status: 404 len: 176 time: 0.2484150",0,<*> <*> <*>HTTP<*>status: <*> len: <*> time: <*>.<*>,"['10.11.11.229,10.11.10.1', '""GET /openstack/2013-10-17/user_data ', '/1.1"" ', '404', '176', '0.2484150']"
426,nova-compute.log.2017-05-14_21:27:09,2017-05-14,19:42:17.511,2931,INFO,nova.compute.manager,req-e9737ee1-36d3-48e4-b646-768da6e1553c 113d3a99c3da401fbd62cc2caa5b96d2 54fadb412c4e40cdbaed9335e4c35a9e - - -,[instance: 20ae04a8-169b-43fc-87cc-52cdf2fa77d3] Terminating instance,12,<*> Terminating instance,['[instance: 20ae04a8-169b-43fc-87cc-52cdf2fa77d3]']
427,nova-compute.log.2017-05-14_21:27:09,2017-05-14,19:42:17.727,2931,INFO,nova.virt.libvirt.driver,-,[instance: 20ae04a8-169b-43fc-87cc-52cdf2fa77d3] Instance destroyed successfully.,9,<*> Instance <*> successfully.,"['[instance: 20ae04a8-169b-43fc-87cc-52cdf2fa77d3]', 'destroyed']"
428,nova-api.log.2017-05-14_21:27:04,2017-05-14,19:42:17.761,25746,INFO,nova.osapi_compute.wsgi.server,req-283c6385-ef65-4ebe-957d-7d9c73c44317 113d3a99c3da401fbd62cc2caa5b96d2 54fadb412c4e40cdbaed9335e4c35a9e - - -,"10.11.10.1 ""GET /v2/54fadb412c4e40cdbaed9335e4c35a9e/servers/detail HTTP/1.1"" status: 200 len: 1916 time: 0.2873681",0,<*> <*> <*>HTTP<*>status: <*> len: <*> time: <*>.<*>,"['10.11.10.1', '""GET /v2/54fadb412c4e40cdbaed9335e4c35a9e/servers/detail ', '/1.1"" ', '200', '1916', '0.2873681']"
429,nova-api.log.2017-05-14_21:27:04,2017-05-14,19:42:17.825,25779,INFO,nova.metadata.wsgi.server,req-6f30ae5c-85f1-4298-89e6-b94c01f8769a - - - - -,"10.11.11.229,10.11.10.1 ""GET /openstack/2013-10-17/meta_data.json HTTP/1.1"" status: 200 len: 967 time: 0.2242489",0,<*> <*> <*>HTTP<*>status: <*> len: <*> time: <*>.<*>,"['10.11.11.229,10.11.10.1', '""GET /openstack/2013-10-17/meta_data.json ', '/1.1"" ', '200', '967', '0.2242489']"
430,nova-compute.log.2017-05-14_21:27:09,2017-05-14,19:42:18.399,2931,INFO,nova.virt.libvirt.driver,req-e9737ee1-36d3-48e4-b646-768da6e1553c 113d3a99c3da401fbd62cc2caa5b96d2 54fadb412c4e40cdbaed9335e4c35a9e - - -,[instance: 20ae04a8-169b-43fc-87cc-52cdf2fa77d3] Deleting instance files /var/lib/nova/instances/20ae04a8-169b-43fc-87cc-52cdf2fa77d3_del,13,<*> Deleting instance files <*>,"['[instance: 20ae04a8-169b-43fc-87cc-52cdf2fa77d3]', '/var/lib/nova/instances/20ae04a8-169b-43fc-87cc-52cdf2fa77d3_del']"
431,nova-compute.log.2017-05-14_21:27:09,2017-05-14,19:42:18.401,2931,INFO,nova.virt.libvirt.driver,req-e9737ee1-36d3-48e4-b646-768da6e1553c 113d3a99c3da401fbd62cc2caa5b96d2 54fadb412c4e40cdbaed9335e4c35a9e - - -,[instance: 20ae04a8-169b-43fc-87cc-52cdf2fa77d3] Deletion of /var/lib/nova/instances/20ae04a8-169b-43fc-87cc-52cdf2fa77d3_del complete,14,<*> Deletion of <*>complete,"['[instance: 20ae04a8-169b-43fc-87cc-52cdf2fa77d3]', '/var/lib/nova/instances/20ae04a8-169b-43fc-87cc-52cdf2fa77d3_del ']"
432,nova-compute.log.2017-05-14_21:27:09,2017-05-14,19:42:18.518,2931,INFO,nova.compute.manager,req-e9737ee1-36d3-48e4-b646-768da6e1553c 113d3a99c3da401fbd62cc2caa5b96d2 54fadb412c4e40cdbaed9335e4c35a9e - - -,[instance: 20ae04a8-169b-43fc-87cc-52cdf2fa77d3] Took 1.00 seconds to destroy the instance on the hypervisor.,10,<*> Took <*>.<*> seconds to <*> the instance on the hypervisor.,"['[instance: 20ae04a8-169b-43fc-87cc-52cdf2fa77d3]', '1.00', 'destroy']"
433,nova-compute.log.2017-05-14_21:27:09,2017-05-14,19:42:18.967,2931,INFO,nova.compute.manager,req-e9737ee1-36d3-48e4-b646-768da6e1553c 113d3a99c3da401fbd62cc2caa5b96d2 54fadb412c4e40cdbaed9335e4c35a9e - - -,[instance: 20ae04a8-169b-43fc-87cc-52cdf2fa77d3] Took 0.45 seconds to deallocate network for instance.,15,<*> Took <*>.<*> seconds to deallocate network for instance.,"['[instance: 20ae04a8-169b-43fc-87cc-52cdf2fa77d3]', '0.45']"
434,nova-api.log.2017-05-14_21:27:04,2017-05-14,19:42:18.973,25746,INFO,nova.osapi_compute.wsgi.server,req-83a9305f-48f5-49de-ac59-10c25f50dfb8 113d3a99c3da401fbd62cc2caa5b96d2 54fadb412c4e40cdbaed9335e4c35a9e - - -,"10.11.10.1 ""GET /v2/54fadb412c4e40cdbaed9335e4c35a9e/servers/detail HTTP/1.1"" status: 200 len: 1874 time: 0.2076330",0,<*> <*> <*>HTTP<*>status: <*> len: <*> time: <*>.<*>,"['10.11.10.1', '""GET /v2/54fadb412c4e40cdbaed9335e4c35a9e/servers/detail ', '/1.1"" ', '200', '1874', '0.2076330']"
435,nova-api.log.2017-05-14_21:27:04,2017-05-14,19:42:20.071,25746,INFO,nova.osapi_compute.wsgi.server,req-1928f268-f458-4a21-ac45-a925a8c6968e 113d3a99c3da401fbd62cc2caa5b96d2 54fadb412c4e40cdbaed9335e4c35a9e - - -,"10.11.10.1 ""GET /v2/54fadb412c4e40cdbaed9335e4c35a9e/servers/detail HTTP/1.1"" status: 200 len: 211 time: 0.0934429",0,<*> <*> <*>HTTP<*>status: <*> len: <*> time: <*>.<*>,"['10.11.10.1', '""GET /v2/54fadb412c4e40cdbaed9335e4c35a9e/servers/detail ', '/1.1"" ', '200', '211', '0.0934429']"
436,nova-compute.log.2017-05-14_21:27:09,2017-05-14,19:42:20.913,2931,WARNING,nova.virt.libvirt.imagecache,req-addc1839-2ed5-4778-b57e-5854eb7b8b09 - - - - -,Unknown base file: /var/lib/nova/instances/_base/a489c868f0c37da93b76227c91bb03908ac0e742,7,<*> base <*> /var/lib/nova/instances/_base/a<*>c<*>f<*>c<*>da<*>b<*>c<*>bb<*>ac<*>e<*>,"['Unknown', 'file:', '489c868', '0c37', '93b76227', '91', '03908', '0e742']"
437,nova-compute.log.2017-05-14_21:27:09,2017-05-14,19:42:20.914,2931,INFO,nova.virt.libvirt.imagecache,req-addc1839-2ed5-4778-b57e-5854eb7b8b09 - - - - -,Removable base files: /var/lib/nova/instances/_base/a489c868f0c37da93b76227c91bb03908ac0e742,7,<*> base <*> /var/lib/nova/instances/_base/a<*>c<*>f<*>c<*>da<*>b<*>c<*>bb<*>ac<*>e<*>,"['Removable', 'files:', '489c868', '0c37', '93b76227', '91', '03908', '0e742']"
438,nova-compute.log.2017-05-14_21:27:09,2017-05-14,19:42:20.915,2931,INFO,nova.virt.libvirt.imagecache,req-addc1839-2ed5-4778-b57e-5854eb7b8b09 - - - - -,Removing base or swap file: /var/lib/nova/instances/_base/a489c868f0c37da93b76227c91bb03908ac0e742,17,Removing base or swap file: /var/lib/nova/instances/_base/a<*>c<*>f<*>c<*>da<*>b<*>c<*>bb<*>ac<*>e<*>,"['489c868', '0c37', '93b76227', '91', '03908', '0e742']"
439,nova-api.log.2017-05-14_21:27:04,2017-05-14,19:42:21.004,25746,INFO,nova.api.openstack.wsgi,req-49801c35-61cc-4543-bd42-ff0e10bc708c f7b8d1f1d4d44643b07fa10ca7d021fb e9746973ac574c6b8a9e8857f56a7608 - - -,HTTP exception thrown: No instances found for any event,16,HTTP exception thrown: No instances found for any event,[]
440,nova-api.log.2017-05-14_21:27:04,2017-05-14,19:42:21.005,25746,INFO,nova.osapi_compute.wsgi.server,req-49801c35-61cc-4543-bd42-ff0e10bc708c f7b8d1f1d4d44643b07fa10ca7d021fb e9746973ac574c6b8a9e8857f56a7608 - - -,"10.11.10.1 ""POST /v2/e9746973ac574c6b8a9e8857f56a7608/os-server-external-events HTTP/1.1"" status: 404 len: 296 time: 0.0931599",0,<*> <*> <*>HTTP<*>status: <*> len: <*> time: <*>.<*>,"['10.11.10.1', '""POST /v2/e9746973ac574c6b8a9e8857f56a7608/os-server-external-events ', '/1.1"" ', '404', '296', '0.0931599']"
441,nova-api.log.2017-05-14_21:27:04,2017-05-14,19:42:30.667,25746,INFO,nova.osapi_compute.wsgi.server,req-45cb249a-4740-4b06-be92-832026b0c53b 113d3a99c3da401fbd62cc2caa5b96d2 54fadb412c4e40cdbaed9335e4c35a9e - - -,"10.11.10.1 ""POST /v2/54fadb412c4e40cdbaed9335e4c35a9e/servers HTTP/1.1"" status: 202 len: 733 time: 0.5806520",0,<*> <*> <*>HTTP<*>status: <*> len: <*> time: <*>.<*>,"['10.11.10.1', '""POST /v2/54fadb412c4e40cdbaed9335e4c35a9e/servers ', '/1.1"" ', '202', '733', '0.5806520']"
442,nova-api.log.2017-05-14_21:27:04,2017-05-14,19:42:30.860,25746,INFO,nova.osapi_compute.wsgi.server,req-fa716eb2-4b22-433d-b3d2-20b1f145a02a 113d3a99c3da401fbd62cc2caa5b96d2 54fadb412c4e40cdbaed9335e4c35a9e - - -,"10.11.10.1 ""GET /v2/54fadb412c4e40cdbaed9335e4c35a9e/servers/detail HTTP/1.1"" status: 200 len: 1583 time: 0.1890872",0,<*> <*> <*>HTTP<*>status: <*> len: <*> time: <*>.<*>,"['10.11.10.1', '""GET /v2/54fadb412c4e40cdbaed9335e4c35a9e/servers/detail ', '/1.1"" ', '200', '1583', '0.1890872']"
443,nova-compute.log.2017-05-14_21:27:09,2017-05-14,19:42:30.968,2931,INFO,nova.compute.claims,req-45cb249a-4740-4b06-be92-832026b0c53b 113d3a99c3da401fbd62cc2caa5b96d2 54fadb412c4e40cdbaed9335e4c35a9e - - -,"[instance: e15ce82b-f229-4c22-9fc3-8d30dd349cf6] Attempting claim: memory 2048 MB, disk 20 GB, vcpus 1 CPU",18,"<*> Attempting claim: memory <*> MB, disk <*> GB, vcpus <*> CPU","['[instance: e15ce82b-f229-4c22-9fc3-8d30dd349cf6]', '2048', '20', '1']"
444,nova-compute.log.2017-05-14_21:27:09,2017-05-14,19:42:30.969,2931,INFO,nova.compute.claims,req-45cb249a-4740-4b06-be92-832026b0c53b 113d3a99c3da401fbd62cc2caa5b96d2 54fadb412c4e40cdbaed9335e4c35a9e - - -,"[instance: e15ce82b-f229-4c22-9fc3-8d30dd349cf6] Total memory: 64172 MB, used: 512.00 MB",19,"<*> <*> <*> <*> MB, <*> <*>.<*> MB","['[instance:', 'e15ce82b-f229-4c22-9fc3-8d30dd349cf6] Total memory: 64172', 'used: 512', '00']"
445,nova-compute.log.2017-05-14_21:27:09,2017-05-14,19:42:30.970,2931,INFO,nova.compute.claims,req-45cb249a-4740-4b06-be92-832026b0c53b 113d3a99c3da401fbd62cc2caa5b96d2 54fadb412c4e40cdbaed9335e4c35a9e - - -,"[instance: e15ce82b-f229-4c22-9fc3-8d30dd349cf6] memory limit: 96258.00 MB, free: 95746.00 MB",19,"<*> <*> <*> <*> MB, <*> <*>.<*> MB","['[instance:', 'e15ce82b-f229-4c22-9fc3-8d30dd349cf6] memory limit: 96258.00', 'free: 95746', '00']"
446,nova-compute.log.2017-05-14_21:27:09,2017-05-14,19:42:30.971,2931,INFO,nova.compute.claims,req-45cb249a-4740-4b06-be92-832026b0c53b 113d3a99c3da401fbd62cc2caa5b96d2 54fadb412c4e40cdbaed9335e4c35a9e - - -,"[instance: e15ce82b-f229-4c22-9fc3-8d30dd349cf6] Total disk: 15 GB, used: 0.00 GB",20,<*> Total <*> <*> <*> used: <*>.<*> <*>,"['[instance: e15ce82b-f229-4c22-9fc3-8d30dd349cf6]', 'disk:', '15 GB,', '0.00', 'GB']"
447,nova-compute.log.2017-05-14_21:27:09,2017-05-14,19:42:30.972,2931,INFO,nova.compute.claims,req-45cb249a-4740-4b06-be92-832026b0c53b 113d3a99c3da401fbd62cc2caa5b96d2 54fadb412c4e40cdbaed9335e4c35a9e - - -,"[instance: e15ce82b-f229-4c22-9fc3-8d30dd349cf6] disk limit not specified, defaulting to unlimited",21,"<*> <*> limit not specified, defaulting to unlimited",['[instance: e15ce82b-f229-4c22-9fc3-8d30dd349cf6] disk']
448,nova-compute.log.2017-05-14_21:27:09,2017-05-14,19:42:30.973,2931,INFO,nova.compute.claims,req-45cb249a-4740-4b06-be92-832026b0c53b 113d3a99c3da401fbd62cc2caa5b96d2 54fadb412c4e40cdbaed9335e4c35a9e - - -,"[instance: e15ce82b-f229-4c22-9fc3-8d30dd349cf6] Total vcpu: 16 VCPU, used: 0.00 VCPU",20,<*> Total <*> <*> <*> used: <*>.<*> <*>,"['[instance: e15ce82b-f229-4c22-9fc3-8d30dd349cf6]', 'vcpu:', '16 VCPU,', '0.00', 'VCPU']"
449,nova-compute.log.2017-05-14_21:27:09,2017-05-14,19:42:30.973,2931,INFO,nova.compute.claims,req-45cb249a-4740-4b06-be92-832026b0c53b 113d3a99c3da401fbd62cc2caa5b96d2 54fadb412c4e40cdbaed9335e4c35a9e - - -,"[instance: e15ce82b-f229-4c22-9fc3-8d30dd349cf6] vcpu limit not specified, defaulting to unlimited",21,"<*> <*> limit not specified, defaulting to unlimited",['[instance: e15ce82b-f229-4c22-9fc3-8d30dd349cf6] vcpu']
450,nova-compute.log.2017-05-14_21:27:09,2017-05-14,19:42:31.006,2931,INFO,nova.compute.claims,req-45cb249a-4740-4b06-be92-832026b0c53b 113d3a99c3da401fbd62cc2caa5b96d2 54fadb412c4e40cdbaed9335e4c35a9e - - -,[instance: e15ce82b-f229-4c22-9fc3-8d30dd349cf6] Claim successful,22,<*> Claim successful,['[instance: e15ce82b-f229-4c22-9fc3-8d30dd349cf6]']
451,nova-api.log.2017-05-14_21:27:04,2017-05-14,19:42:31.078,25746,INFO,nova.osapi_compute.wsgi.server,req-6d2bade2-85e8-4c52-8eb3-316c7ae95b0c 113d3a99c3da401fbd62cc2caa5b96d2 54fadb412c4e40cdbaed9335e4c35a9e - - -,"10.11.10.1 ""GET /v2/54fadb412c4e40cdbaed9335e4c35a9e/servers/detail HTTP/1.1"" status: 200 len: 1575 time: 0.2139130",0,<*> <*> <*>HTTP<*>status: <*> len: <*> time: <*>.<*>,"['10.11.10.1', '""GET /v2/54fadb412c4e40cdbaed9335e4c35a9e/servers/detail ', '/1.1"" ', '200', '1575', '0.2139130']"
452,nova-api.log.2017-05-14_21:27:04,2017-05-14,19:42:31.285,25746,INFO,nova.osapi_compute.wsgi.server,req-6c09ce4c-1a37-4cfc-897f-d5e6c9aeb2c3 113d3a99c3da401fbd62cc2caa5b96d2 54fadb412c4e40cdbaed9335e4c35a9e - - -,"10.11.10.1 ""GET /v2/54fadb412c4e40cdbaed9335e4c35a9e/servers/e15ce82b-f229-4c22-9fc3-8d30dd349cf6 HTTP/1.1"" status: 200 len: 1708 time: 0.2019122",0,<*> <*> <*>HTTP<*>status: <*> len: <*> time: <*>.<*>,"['10.11.10.1', '""GET /v2/54fadb412c4e40cdbaed9335e4c35a9e/servers/e15ce82b-f229-4c22-9fc3-8d30dd349cf6 ', '/1.1"" ', '200', '1708', '0.2019122']"
453,nova-compute.log.2017-05-14_21:27:09,2017-05-14,19:42:31.610,2931,INFO,nova.virt.libvirt.driver,req-45cb249a-4740-4b06-be92-832026b0c53b 113d3a99c3da401fbd62cc2caa5b96d2 54fadb412c4e40cdbaed9335e4c35a9e - - -,[instance: e15ce82b-f229-4c22-9fc3-8d30dd349cf6] Creating image,1,<*> Creating image,['[instance: e15ce82b-f229-4c22-9fc3-8d30dd349cf6]']
454,nova-api.log.2017-05-14_21:27:04,2017-05-14,19:42:32.567,25746,INFO,nova.osapi_compute.wsgi.server,req-311f4113-0929-4599-ae28-d223ff82c1b7 113d3a99c3da401fbd62cc2caa5b96d2 54fadb412c4e40cdbaed9335e4c35a9e - - -,"10.11.10.1 ""GET /v2/54fadb412c4e40cdbaed9335e4c35a9e/servers/detail HTTP/1.1"" status: 200 len: 1759 time: 0.2768681",0,<*> <*> <*>HTTP<*>status: <*> len: <*> time: <*>.<*>,"['10.11.10.1', '""GET /v2/54fadb412c4e40cdbaed9335e4c35a9e/servers/detail ', '/1.1"" ', '200', '1759', '0.2768681']"
455,nova-compute.log.2017-05-14_21:27:09,2017-05-14,19:42:32.752,2931,INFO,nova.compute.manager,-,[instance: 20ae04a8-169b-43fc-87cc-52cdf2fa77d3] VM Stopped (Lifecycle Event),2,<*> VM <*> (Lifecycle Event),"['[instance: 20ae04a8-169b-43fc-87cc-52cdf2fa77d3]', 'Stopped']"
456,nova-api.log.2017-05-14_21:27:04,2017-05-14,19:42:32.835,25746,INFO,nova.osapi_compute.wsgi.server,req-d4727f2a-e843-4231-a6c8-7fce16873c7c 113d3a99c3da401fbd62cc2caa5b96d2 54fadb412c4e40cdbaed9335e4c35a9e - - -,"10.11.10.1 ""GET /v2/54fadb412c4e40cdbaed9335e4c35a9e/servers/detail HTTP/1.1"" status: 200 len: 1759 time: 0.2630990",0,<*> <*> <*>HTTP<*>status: <*> len: <*> time: <*>.<*>,"['10.11.10.1', '""GET /v2/54fadb412c4e40cdbaed9335e4c35a9e/servers/detail ', '/1.1"" ', '200', '1759', '0.2630990']"
457,nova-api.log.2017-05-14_21:27:04,2017-05-14,19:42:34.096,25746,INFO,nova.osapi_compute.wsgi.server,req-1aaa1445-83a9-459f-8e63-d76923594d67 113d3a99c3da401fbd62cc2caa5b96d2 54fadb412c4e40cdbaed9335e4c35a9e - - -,"10.11.10.1 ""GET /v2/54fadb412c4e40cdbaed9335e4c35a9e/servers/detail HTTP/1.1"" status: 200 len: 1893 time: 0.2570140",0,<*> <*> <*>HTTP<*>status: <*> len: <*> time: <*>.<*>,"['10.11.10.1', '""GET /v2/54fadb412c4e40cdbaed9335e4c35a9e/servers/detail ', '/1.1"" ', '200', '1893', '0.2570140']"
458,nova-api.log.2017-05-14_21:27:04,2017-05-14,19:42:34.368,25746,INFO,nova.osapi_compute.wsgi.server,req-afaaf24d-b231-4586-a389-e296ffc5a73f 113d3a99c3da401fbd62cc2caa5b96d2 54fadb412c4e40cdbaed9335e4c35a9e - - -,"10.11.10.1 ""GET /v2/54fadb412c4e40cdbaed9335e4c35a9e/servers/detail HTTP/1.1"" status: 200 len: 1893 time: 0.2684481",0,<*> <*> <*>HTTP<*>status: <*> len: <*> time: <*>.<*>,"['10.11.10.1', '""GET /v2/54fadb412c4e40cdbaed9335e4c35a9e/servers/detail ', '/1.1"" ', '200', '1893', '0.2684481']"
459,nova-api.log.2017-05-14_21:27:04,2017-05-14,19:42:35.653,25746,INFO,nova.osapi_compute.wsgi.server,req-5943671c-e40b-4370-81c3-d23014b89f7b 113d3a99c3da401fbd62cc2caa5b96d2 54fadb412c4e40cdbaed9335e4c35a9e - - -,"10.11.10.1 ""GET /v2/54fadb412c4e40cdbaed9335e4c35a9e/servers/detail HTTP/1.1"" status: 200 len: 1893 time: 0.2799811",0,<*> <*> <*>HTTP<*>status: <*> len: <*> time: <*>.<*>,"['10.11.10.1', '""GET /v2/54fadb412c4e40cdbaed9335e4c35a9e/servers/detail ', '/1.1"" ', '200', '1893', '0.2799811']"
460,nova-api.log.2017-05-14_21:27:04,2017-05-14,19:42:35.924,25746,INFO,nova.osapi_compute.wsgi.server,req-e320dcc8-d53d-478e-82f6-5ec2f474abf6 113d3a99c3da401fbd62cc2caa5b96d2 54fadb412c4e40cdbaed9335e4c35a9e - - -,"10.11.10.1 ""GET /v2/54fadb412c4e40cdbaed9335e4c35a9e/servers/detail HTTP/1.1"" status: 200 len: 1893 time: 0.2673059",0,<*> <*> <*>HTTP<*>status: <*> len: <*> time: <*>.<*>,"['10.11.10.1', '""GET /v2/54fadb412c4e40cdbaed9335e4c35a9e/servers/detail ', '/1.1"" ', '200', '1893', '0.2673059']"
461,nova-api.log.2017-05-14_21:27:04,2017-05-14,19:42:37.198,25746,INFO,nova.osapi_compute.wsgi.server,req-7867b714-8ca2-4c22-898c-e1cbbd674efe 113d3a99c3da401fbd62cc2caa5b96d2 54fadb412c4e40cdbaed9335e4c35a9e - - -,"10.11.10.1 ""GET /v2/54fadb412c4e40cdbaed9335e4c35a9e/servers/detail HTTP/1.1"" status: 200 len: 1893 time: 0.2686861",0,<*> <*> <*>HTTP<*>status: <*> len: <*> time: <*>.<*>,"['10.11.10.1', '""GET /v2/54fadb412c4e40cdbaed9335e4c35a9e/servers/detail ', '/1.1"" ', '200', '1893', '0.2686861']"
462,nova-api.log.2017-05-14_21:27:04,2017-05-14,19:42:37.481,25746,INFO,nova.osapi_compute.wsgi.server,req-8bdc126c-3e15-4544-a235-49b57e32df94 113d3a99c3da401fbd62cc2caa5b96d2 54fadb412c4e40cdbaed9335e4c35a9e - - -,"10.11.10.1 ""GET /v2/54fadb412c4e40cdbaed9335e4c35a9e/servers/detail HTTP/1.1"" status: 200 len: 1893 time: 0.2771580",0,<*> <*> <*>HTTP<*>status: <*> len: <*> time: <*>.<*>,"['10.11.10.1', '""GET /v2/54fadb412c4e40cdbaed9335e4c35a9e/servers/detail ', '/1.1"" ', '200', '1893', '0.2771580']"
463,nova-api.log.2017-05-14_21:27:04,2017-05-14,19:42:38.761,25746,INFO,nova.osapi_compute.wsgi.server,req-57d2a4de-e5a4-4405-b38f-ea87bf6dd77e 113d3a99c3da401fbd62cc2caa5b96d2 54fadb412c4e40cdbaed9335e4c35a9e - - -,"10.11.10.1 ""GET /v2/54fadb412c4e40cdbaed9335e4c35a9e/servers/detail HTTP/1.1"" status: 200 len: 1893 time: 0.2743280",0,<*> <*> <*>HTTP<*>status: <*> len: <*> time: <*>.<*>,"['10.11.10.1', '""GET /v2/54fadb412c4e40cdbaed9335e4c35a9e/servers/detail ', '/1.1"" ', '200', '1893', '0.2743280']"
464,nova-api.log.2017-05-14_21:27:04,2017-05-14,19:42:39.022,25746,INFO,nova.osapi_compute.wsgi.server,req-0b47b21a-5eaf-4560-8a71-a6084bc0b905 113d3a99c3da401fbd62cc2caa5b96d2 54fadb412c4e40cdbaed9335e4c35a9e - - -,"10.11.10.1 ""GET /v2/54fadb412c4e40cdbaed9335e4c35a9e/servers/detail HTTP/1.1"" status: 200 len: 1893 time: 0.2564499",0,<*> <*> <*>HTTP<*>status: <*> len: <*> time: <*>.<*>,"['10.11.10.1', '""GET /v2/54fadb412c4e40cdbaed9335e4c35a9e/servers/detail ', '/1.1"" ', '200', '1893', '0.2564499']"
465,nova-api.log.2017-05-14_21:27:04,2017-05-14,19:42:40.295,25746,INFO,nova.osapi_compute.wsgi.server,req-3072aedf-1511-4f90-95da-c39353c5b7ff 113d3a99c3da401fbd62cc2caa5b96d2 54fadb412c4e40cdbaed9335e4c35a9e - - -,"10.11.10.1 ""GET /v2/54fadb412c4e40cdbaed9335e4c35a9e/servers/detail HTTP/1.1"" status: 200 len: 1893 time: 0.2657640",0,<*> <*> <*>HTTP<*>status: <*> len: <*> time: <*>.<*>,"['10.11.10.1', '""GET /v2/54fadb412c4e40cdbaed9335e4c35a9e/servers/detail ', '/1.1"" ', '200', '1893', '0.2657640']"
466,nova-api.log.2017-05-14_21:27:04,2017-05-14,19:42:40.570,25746,INFO,nova.osapi_compute.wsgi.server,req-659de552-4b95-4334-a338-79049e923fbe 113d3a99c3da401fbd62cc2caa5b96d2 54fadb412c4e40cdbaed9335e4c35a9e - - -,"10.11.10.1 ""GET /v2/54fadb412c4e40cdbaed9335e4c35a9e/servers/detail HTTP/1.1"" status: 200 len: 1893 time: 0.2706490",0,<*> <*> <*>HTTP<*>status: <*> len: <*> time: <*>.<*>,"['10.11.10.1', '""GET /v2/54fadb412c4e40cdbaed9335e4c35a9e/servers/detail ', '/1.1"" ', '200', '1893', '0.2706490']"
467,nova-api.log.2017-05-14_21:27:04,2017-05-14,19:42:41.829,25746,INFO,nova.osapi_compute.wsgi.server,req-63948402-b1de-4551-8c4d-9fc7fff0143a 113d3a99c3da401fbd62cc2caa5b96d2 54fadb412c4e40cdbaed9335e4c35a9e - - -,"10.11.10.1 ""GET /v2/54fadb412c4e40cdbaed9335e4c35a9e/servers/detail HTTP/1.1"" status: 200 len: 1893 time: 0.2528491",0,<*> <*> <*>HTTP<*>status: <*> len: <*> time: <*>.<*>,"['10.11.10.1', '""GET /v2/54fadb412c4e40cdbaed9335e4c35a9e/servers/detail ', '/1.1"" ', '200', '1893', '0.2528491']"
468,nova-api.log.2017-05-14_21:27:04,2017-05-14,19:42:42.105,25746,INFO,nova.osapi_compute.wsgi.server,req-cf656061-00df-4fe9-82f4-9224159d045a 113d3a99c3da401fbd62cc2caa5b96d2 54fadb412c4e40cdbaed9335e4c35a9e - - -,"10.11.10.1 ""GET /v2/54fadb412c4e40cdbaed9335e4c35a9e/servers/detail HTTP/1.1"" status: 200 len: 1893 time: 0.2718461",0,<*> <*> <*>HTTP<*>status: <*> len: <*> time: <*>.<*>,"['10.11.10.1', '""GET /v2/54fadb412c4e40cdbaed9335e4c35a9e/servers/detail ', '/1.1"" ', '200', '1893', '0.2718461']"
469,nova-api.log.2017-05-14_21:27:04,2017-05-14,19:42:43.383,25746,INFO,nova.osapi_compute.wsgi.server,req-f1cea27a-c9dc-4bc2-933c-5da211bf80f8 113d3a99c3da401fbd62cc2caa5b96d2 54fadb412c4e40cdbaed9335e4c35a9e - - -,"10.11.10.1 ""GET /v2/54fadb412c4e40cdbaed9335e4c35a9e/servers/detail HTTP/1.1"" status: 200 len: 1893 time: 0.2720871",0,<*> <*> <*>HTTP<*>status: <*> len: <*> time: <*>.<*>,"['10.11.10.1', '""GET /v2/54fadb412c4e40cdbaed9335e4c35a9e/servers/detail ', '/1.1"" ', '200', '1893', '0.2720871']"
470,nova-api.log.2017-05-14_21:27:04,2017-05-14,19:42:43.646,25746,INFO,nova.osapi_compute.wsgi.server,req-3bda4936-94b3-4581-b362-f2e873196ced 113d3a99c3da401fbd62cc2caa5b96d2 54fadb412c4e40cdbaed9335e4c35a9e - - -,"10.11.10.1 ""GET /v2/54fadb412c4e40cdbaed9335e4c35a9e/servers/detail HTTP/1.1"" status: 200 len: 1893 time: 0.2594659",0,<*> <*> <*>HTTP<*>status: <*> len: <*> time: <*>.<*>,"['10.11.10.1', '""GET /v2/54fadb412c4e40cdbaed9335e4c35a9e/servers/detail ', '/1.1"" ', '200', '1893', '0.2594659']"
471,nova-compute.log.2017-05-14_21:27:09,2017-05-14,19:42:44.371,2931,INFO,nova.compute.manager,req-3ea4052c-895d-4b64-9e2d-04d64c4d94ab - - - - -,[instance: e15ce82b-f229-4c22-9fc3-8d30dd349cf6] VM Started (Lifecycle Event),2,<*> VM <*> (Lifecycle Event),"['[instance: e15ce82b-f229-4c22-9fc3-8d30dd349cf6]', 'Started']"
472,nova-compute.log.2017-05-14_21:27:09,2017-05-14,19:42:44.439,2931,INFO,nova.compute.manager,req-3ea4052c-895d-4b64-9e2d-04d64c4d94ab - - - - -,[instance: e15ce82b-f229-4c22-9fc3-8d30dd349cf6] VM Paused (Lifecycle Event),2,<*> VM <*> (Lifecycle Event),"['[instance: e15ce82b-f229-4c22-9fc3-8d30dd349cf6]', 'Paused']"
473,nova-compute.log.2017-05-14_21:27:09,2017-05-14,19:42:44.561,2931,INFO,nova.compute.manager,req-3ea4052c-895d-4b64-9e2d-04d64c4d94ab - - - - -,[instance: e15ce82b-f229-4c22-9fc3-8d30dd349cf6] During sync_power_state the instance has a pending task (spawning). Skip.,4,<*> During sync_power_state the instance has a pending task (spawning). Skip.,['[instance: e15ce82b-f229-4c22-9fc3-8d30dd349cf6]']
474,nova-api.log.2017-05-14_21:27:04,2017-05-14,19:42:44.912,25746,INFO,nova.osapi_compute.wsgi.server,req-89e1329b-c5a3-49be-8b0e-62fd46142c11 113d3a99c3da401fbd62cc2caa5b96d2 54fadb412c4e40cdbaed9335e4c35a9e - - -,"10.11.10.1 ""GET /v2/54fadb412c4e40cdbaed9335e4c35a9e/servers/detail HTTP/1.1"" status: 200 len: 1893 time: 0.2602580",0,<*> <*> <*>HTTP<*>status: <*> len: <*> time: <*>.<*>,"['10.11.10.1', '""GET /v2/54fadb412c4e40cdbaed9335e4c35a9e/servers/detail ', '/1.1"" ', '200', '1893', '0.2602580']"
475,nova-api.log.2017-05-14_21:27:04,2017-05-14,19:42:45.164,25746,INFO,nova.osapi_compute.wsgi.server,req-0fa5678d-3375-4b64-a0e9-a19a56047b38 113d3a99c3da401fbd62cc2caa5b96d2 54fadb412c4e40cdbaed9335e4c35a9e - - -,"10.11.10.1 ""GET /v2/54fadb412c4e40cdbaed9335e4c35a9e/servers/detail HTTP/1.1"" status: 200 len: 1893 time: 0.2473969",0,<*> <*> <*>HTTP<*>status: <*> len: <*> time: <*>.<*>,"['10.11.10.1', '""GET /v2/54fadb412c4e40cdbaed9335e4c35a9e/servers/detail ', '/1.1"" ', '200', '1893', '0.2473969']"
476,nova-compute.log.2017-05-14_21:27:09,2017-05-14,19:42:46.338,2931,INFO,nova.virt.libvirt.imagecache,req-addc1839-2ed5-4778-b57e-5854eb7b8b09 - - - - -,image 0673dd71-34c5-4fbb-86c4-40623fbe45b4 at (/var/lib/nova/instances/_base/a489c868f0c37da93b76227c91bb03908ac0e742): checking,5,image <*>dd<*>-<*>c<*>-<*>fbb-<*>c<*>-<*>fbe<*>b<*> at (<*>checking,"['0673', '71-34', '5-4', '86c4', '40623', '45b4', '/var/lib/nova/instances/_base/a489c868f0c37da93b76227c91bb03908ac0e742): ']"
477,nova-compute.log.2017-05-14_21:27:09,2017-05-14,19:42:46.338,2931,INFO,nova.virt.libvirt.imagecache,req-addc1839-2ed5-4778-b57e-5854eb7b8b09 - - - - -,"image 0673dd71-34c5-4fbb-86c4-40623fbe45b4 at (/var/lib/nova/instances/_base/a489c868f0c37da93b76227c91bb03908ac0e742): in use: on this node 1 local, 0 on other nodes sharing this instance storage",6,"image <*>dd<*>-<*>c<*>-<*>fbb-<*>c<*>-<*>fbe<*>b<*> at (<*>in use: on this node <*> local, <*> on other nodes sharing this instance storage","['0673', '71-34', '5-4', '86c4', '40623', '45b4', '/var/lib/nova/instances/_base/a489c868f0c37da93b76227c91bb03908ac0e742): ', '1', '0']"
478,nova-api.log.2017-05-14_21:27:04,2017-05-14,19:42:46.440,25746,INFO,nova.osapi_compute.wsgi.server,req-5e086380-11b5-4653-ad40-96ea86051ada 113d3a99c3da401fbd62cc2caa5b96d2 54fadb412c4e40cdbaed9335e4c35a9e - - -,"10.11.10.1 ""GET /v2/54fadb412c4e40cdbaed9335e4c35a9e/servers/detail HTTP/1.1"" status: 200 len: 1893 time: 0.2705369",0,<*> <*> <*>HTTP<*>status: <*> len: <*> time: <*>.<*>,"['10.11.10.1', '""GET /v2/54fadb412c4e40cdbaed9335e4c35a9e/servers/detail ', '/1.1"" ', '200', '1893', '0.2705369']"
479,nova-compute.log.2017-05-14_21:27:09,2017-05-14,19:42:46.518,2931,INFO,nova.virt.libvirt.imagecache,req-addc1839-2ed5-4778-b57e-5854eb7b8b09 - - - - -,Active base files: /var/lib/nova/instances/_base/a489c868f0c37da93b76227c91bb03908ac0e742,7,<*> base <*> /var/lib/nova/instances/_base/a<*>c<*>f<*>c<*>da<*>b<*>c<*>bb<*>ac<*>e<*>,"['Active', 'files:', '489c868', '0c37', '93b76227', '91', '03908', '0e742']"
480,nova-api.log.2017-05-14_21:27:04,2017-05-14,19:42:46.714,25746,INFO,nova.osapi_compute.wsgi.server,req-580db6c6-b45c-4a13-9b80-063e85dc59c8 113d3a99c3da401fbd62cc2caa5b96d2 54fadb412c4e40cdbaed9335e4c35a9e - - -,"10.11.10.1 ""GET /v2/54fadb412c4e40cdbaed9335e4c35a9e/servers/detail HTTP/1.1"" status: 200 len: 1893 time: 0.2703571",0,<*> <*> <*>HTTP<*>status: <*> len: <*> time: <*>.<*>,"['10.11.10.1', '""GET /v2/54fadb412c4e40cdbaed9335e4c35a9e/servers/detail ', '/1.1"" ', '200', '1893', '0.2703571']"
481,nova-api.log.2017-05-14_21:27:04,2017-05-14,19:42:48.105,25746,INFO,nova.osapi_compute.wsgi.server,req-be51d770-3d96-4e46-b429-cff80682e587 113d3a99c3da401fbd62cc2caa5b96d2 54fadb412c4e40cdbaed9335e4c35a9e - - -,"10.11.10.1 ""GET /v2/54fadb412c4e40cdbaed9335e4c35a9e/servers/detail HTTP/1.1"" status: 200 len: 1893 time: 0.3838818",0,<*> <*> <*>HTTP<*>status: <*> len: <*> time: <*>.<*>,"['10.11.10.1', '""GET /v2/54fadb412c4e40cdbaed9335e4c35a9e/servers/detail ', '/1.1"" ', '200', '1893', '0.3838818']"
482,nova-api.log.2017-05-14_21:27:04,2017-05-14,19:42:48.533,25746,INFO,nova.osapi_compute.wsgi.server,req-1110a5d4-542a-483e-a543-c4253175d634 113d3a99c3da401fbd62cc2caa5b96d2 54fadb412c4e40cdbaed9335e4c35a9e - - -,"10.11.10.1 ""GET /v2/54fadb412c4e40cdbaed9335e4c35a9e/servers/detail HTTP/1.1"" status: 200 len: 1893 time: 0.4236610",0,<*> <*> <*>HTTP<*>status: <*> len: <*> time: <*>.<*>,"['10.11.10.1', '""GET /v2/54fadb412c4e40cdbaed9335e4c35a9e/servers/detail ', '/1.1"" ', '200', '1893', '0.4236610']"
483,nova-api.log.2017-05-14_21:27:04,2017-05-14,19:42:49.795,25746,INFO,nova.osapi_compute.wsgi.server,req-f7a4f03a-cc0e-48c5-a206-d010d0953fe2 113d3a99c3da401fbd62cc2caa5b96d2 54fadb412c4e40cdbaed9335e4c35a9e - - -,"10.11.10.1 ""GET /v2/54fadb412c4e40cdbaed9335e4c35a9e/servers/detail HTTP/1.1"" status: 200 len: 1893 time: 0.2569299",0,<*> <*> <*>HTTP<*>status: <*> len: <*> time: <*>.<*>,"['10.11.10.1', '""GET /v2/54fadb412c4e40cdbaed9335e4c35a9e/servers/detail ', '/1.1"" ', '200', '1893', '0.2569299']"
484,nova-api.log.2017-05-14_21:27:04,2017-05-14,19:42:50.065,25746,INFO,nova.osapi_compute.wsgi.server,req-217ce5e0-76d4-4658-ac9a-63dfb2402fcb 113d3a99c3da401fbd62cc2caa5b96d2 54fadb412c4e40cdbaed9335e4c35a9e - - -,"10.11.10.1 ""GET /v2/54fadb412c4e40cdbaed9335e4c35a9e/servers/detail HTTP/1.1"" status: 200 len: 1893 time: 0.2652400",0,<*> <*> <*>HTTP<*>status: <*> len: <*> time: <*>.<*>,"['10.11.10.1', '""GET /v2/54fadb412c4e40cdbaed9335e4c35a9e/servers/detail ', '/1.1"" ', '200', '1893', '0.2652400']"
485,nova-scheduler.log.2017-05-14_21:27:04,2017-05-14,19:42:50.156,25998,INFO,nova.scheduler.host_manager,req-1a845890-73ee-4bff-879f-9e3f27a09a93 - - - - -,The instance sync for host 'cp-1.slowvm1.tcloud-pg0.utah.cloudlab.us' did not match. Re-created its InstanceList.,28,The instance sync for host 'cp-<*>.slowvm<*>.tcloud-pg<*>.utah.cloudlab.us' did not match. Re-created its InstanceList.,"['1', '1', '0']"
486,nova-compute.log.2017-05-14_21:27:09,2017-05-14,19:42:50.175,2931,INFO,nova.virt.libvirt.imagecache,req-addc1839-2ed5-4778-b57e-5854eb7b8b09 - - - - -,image 0673dd71-34c5-4fbb-86c4-40623fbe45b4 at (/var/lib/nova/instances/_base/a489c868f0c37da93b76227c91bb03908ac0e742): checking,5,image <*>dd<*>-<*>c<*>-<*>fbb-<*>c<*>-<*>fbe<*>b<*> at (<*>checking,"['0673', '71-34', '5-4', '86c4', '40623', '45b4', '/var/lib/nova/instances/_base/a489c868f0c37da93b76227c91bb03908ac0e742): ']"
487,nova-compute.log.2017-05-14_21:27:09,2017-05-14,19:42:50.175,2931,INFO,nova.virt.libvirt.imagecache,req-addc1839-2ed5-4778-b57e-5854eb7b8b09 - - - - -,"image 0673dd71-34c5-4fbb-86c4-40623fbe45b4 at (/var/lib/nova/instances/_base/a489c868f0c37da93b76227c91bb03908ac0e742): in use: on this node 1 local, 0 on other nodes sharing this instance storage",6,"image <*>dd<*>-<*>c<*>-<*>fbb-<*>c<*>-<*>fbe<*>b<*> at (<*>in use: on this node <*> local, <*> on other nodes sharing this instance storage","['0673', '71-34', '5-4', '86c4', '40623', '45b4', '/var/lib/nova/instances/_base/a489c868f0c37da93b76227c91bb03908ac0e742): ', '1', '0']"
488,nova-compute.log.2017-05-14_21:27:09,2017-05-14,19:42:50.355,2931,INFO,nova.virt.libvirt.imagecache,req-addc1839-2ed5-4778-b57e-5854eb7b8b09 - - - - -,Active base files: /var/lib/nova/instances/_base/a489c868f0c37da93b76227c91bb03908ac0e742,7,<*> base <*> /var/lib/nova/instances/_base/a<*>c<*>f<*>c<*>da<*>b<*>c<*>bb<*>ac<*>e<*>,"['Active', 'files:', '489c868', '0c37', '93b76227', '91', '03908', '0e742']"
489,nova-api.log.2017-05-14_21:27:04,2017-05-14,19:42:51.345,25746,INFO,nova.osapi_compute.wsgi.server,req-4d97ff71-3be6-4640-9ad1-1852e4076690 113d3a99c3da401fbd62cc2caa5b96d2 54fadb412c4e40cdbaed9335e4c35a9e - - -,"10.11.10.1 ""GET /v2/54fadb412c4e40cdbaed9335e4c35a9e/servers/detail HTTP/1.1"" status: 200 len: 1893 time: 0.2743559",0,<*> <*> <*>HTTP<*>status: <*> len: <*> time: <*>.<*>,"['10.11.10.1', '""GET /v2/54fadb412c4e40cdbaed9335e4c35a9e/servers/detail ', '/1.1"" ', '200', '1893', '0.2743559']"
490,nova-api.log.2017-05-14_21:27:04,2017-05-14,19:42:51.583,25743,INFO,nova.api.openstack.compute.server_external_events,req-4b6f18db-0239-433b-99ba-9992691aba31 f7b8d1f1d4d44643b07fa10ca7d021fb e9746973ac574c6b8a9e8857f56a7608 - - -,Creating event network-vif-plugged:98a24a32-a401-4b2a-8048-c106230926db for instance e15ce82b-f229-4c22-9fc3-8d30dd349cf6,8,Creating event <*> for instance <*>,"['network-vif-plugged:98a24a32-a401-4b2a-8048-c106230926db', 'e15ce82b-f229-4c22-9fc3-8d30dd349cf6']"
491,nova-api.log.2017-05-14_21:27:04,2017-05-14,19:42:51.588,25743,INFO,nova.osapi_compute.wsgi.server,req-4b6f18db-0239-433b-99ba-9992691aba31 f7b8d1f1d4d44643b07fa10ca7d021fb e9746973ac574c6b8a9e8857f56a7608 - - -,"10.11.10.1 ""POST /v2/e9746973ac574c6b8a9e8857f56a7608/os-server-external-events HTTP/1.1"" status: 200 len: 380 time: 0.0991540",0,<*> <*> <*>HTTP<*>status: <*> len: <*> time: <*>.<*>,"['10.11.10.1', '""POST /v2/e9746973ac574c6b8a9e8857f56a7608/os-server-external-events ', '/1.1"" ', '200', '380', '0.0991540']"
492,nova-compute.log.2017-05-14_21:27:09,2017-05-14,19:42:51.596,2931,INFO,nova.compute.manager,req-3ea4052c-895d-4b64-9e2d-04d64c4d94ab - - - - -,[instance: e15ce82b-f229-4c22-9fc3-8d30dd349cf6] VM Resumed (Lifecycle Event),2,<*> VM <*> (Lifecycle Event),"['[instance: e15ce82b-f229-4c22-9fc3-8d30dd349cf6]', 'Resumed']"
493,nova-compute.log.2017-05-14_21:27:09,2017-05-14,19:42:51.602,2931,INFO,nova.virt.libvirt.driver,-,[instance: e15ce82b-f229-4c22-9fc3-8d30dd349cf6] Instance spawned successfully.,9,<*> Instance <*> successfully.,"['[instance: e15ce82b-f229-4c22-9fc3-8d30dd349cf6]', 'spawned']"
494,nova-compute.log.2017-05-14_21:27:09,2017-05-14,19:42:51.603,2931,INFO,nova.compute.manager,req-45cb249a-4740-4b06-be92-832026b0c53b 113d3a99c3da401fbd62cc2caa5b96d2 54fadb412c4e40cdbaed9335e4c35a9e - - -,[instance: e15ce82b-f229-4c22-9fc3-8d30dd349cf6] Took 19.99 seconds to spawn the instance on the hypervisor.,10,<*> Took <*>.<*> seconds to <*> the instance on the hypervisor.,"['[instance: e15ce82b-f229-4c22-9fc3-8d30dd349cf6]', '19.99', 'spawn']"
495,nova-api.log.2017-05-14_21:27:04,2017-05-14,19:42:51.618,25746,INFO,nova.osapi_compute.wsgi.server,req-c75be2cf-8da4-45c7-9d4b-6e6c6831038f 113d3a99c3da401fbd62cc2caa5b96d2 54fadb412c4e40cdbaed9335e4c35a9e - - -,"10.11.10.1 ""GET /v2/54fadb412c4e40cdbaed9335e4c35a9e/servers/detail HTTP/1.1"" status: 200 len: 1893 time: 0.2684321",0,<*> <*> <*>HTTP<*>status: <*> len: <*> time: <*>.<*>,"['10.11.10.1', '""GET /v2/54fadb412c4e40cdbaed9335e4c35a9e/servers/detail ', '/1.1"" ', '200', '1893', '0.2684321']"
496,nova-compute.log.2017-05-14_21:27:09,2017-05-14,19:42:51.714,2931,INFO,nova.compute.manager,req-3ea4052c-895d-4b64-9e2d-04d64c4d94ab - - - - -,[instance: e15ce82b-f229-4c22-9fc3-8d30dd349cf6] During sync_power_state the instance has a pending task (spawning). Skip.,4,<*> During sync_power_state the instance has a pending task (spawning). Skip.,['[instance: e15ce82b-f229-4c22-9fc3-8d30dd349cf6]']
497,nova-compute.log.2017-05-14_21:27:09,2017-05-14,19:42:51.715,2931,INFO,nova.compute.manager,req-3ea4052c-895d-4b64-9e2d-04d64c4d94ab - - - - -,[instance: e15ce82b-f229-4c22-9fc3-8d30dd349cf6] VM Resumed (Lifecycle Event),2,<*> VM <*> (Lifecycle Event),"['[instance: e15ce82b-f229-4c22-9fc3-8d30dd349cf6]', 'Resumed']"
498,nova-compute.log.2017-05-14_21:27:09,2017-05-14,19:42:51.744,2931,INFO,nova.compute.manager,req-45cb249a-4740-4b06-be92-832026b0c53b 113d3a99c3da401fbd62cc2caa5b96d2 54fadb412c4e40cdbaed9335e4c35a9e - - -,[instance: e15ce82b-f229-4c22-9fc3-8d30dd349cf6] Took 20.79 seconds to build instance.,11,<*> Took <*>.<*> seconds to build instance.,"['[instance: e15ce82b-f229-4c22-9fc3-8d30dd349cf6]', '20.79']"
499,nova-api.log.2017-05-14_21:27:04,2017-05-14,19:42:52.899,25746,INFO,nova.osapi_compute.wsgi.server,req-ba26e119-9cba-444e-a84a-e5318d07e95f 113d3a99c3da401fbd62cc2caa5b96d2 54fadb412c4e40cdbaed9335e4c35a9e - - -,"10.11.10.1 ""GET /v2/54fadb412c4e40cdbaed9335e4c35a9e/servers/detail HTTP/1.1"" status: 200 len: 1910 time: 0.2733910",0,<*> <*> <*>HTTP<*>status: <*> len: <*> time: <*>.<*>,"['10.11.10.1', '""GET /v2/54fadb412c4e40cdbaed9335e4c35a9e/servers/detail ', '/1.1"" ', '200', '1910', '0.2733910']"
500,nova-compute.log.2017-05-14_21:27:09,2017-05-14,19:42:53.127,2931,INFO,nova.compute.resource_tracker,req-addc1839-2ed5-4778-b57e-5854eb7b8b09 - - - - -,Auditing locally available compute resources for node cp-1.slowvm1.tcloud-pg0.utah.cloudlab.us,23,Auditing locally available compute resources for node cp-<*>.slowvm<*>.tcloud-pg<*>.utah.cloudlab.us,"['1', '1', '0']"
501,nova-api.log.2017-05-14_21:27:04,2017-05-14,19:42:53.182,25746,INFO,nova.osapi_compute.wsgi.server,req-362bed6c-d85e-43f1-ac64-362d0213a443 113d3a99c3da401fbd62cc2caa5b96d2 54fadb412c4e40cdbaed9335e4c35a9e - - -,"10.11.10.1 ""GET /v2/54fadb412c4e40cdbaed9335e4c35a9e/servers/detail HTTP/1.1"" status: 200 len: 1910 time: 0.2782540",0,<*> <*> <*>HTTP<*>status: <*> len: <*> time: <*>.<*>,"['10.11.10.1', '""GET /v2/54fadb412c4e40cdbaed9335e4c35a9e/servers/detail ', '/1.1"" ', '200', '1910', '0.2782540']"
502,nova-compute.log.2017-05-14_21:27:09,2017-05-14,19:42:53.678,2931,INFO,nova.compute.resource_tracker,req-addc1839-2ed5-4778-b57e-5854eb7b8b09 - - - - -,"Total usable vcpus: 16, total allocated vcpus: 1",24,"Total usable vcpus: <*>, total allocated vcpus: <*>","['16', '1']"
503,nova-compute.log.2017-05-14_21:27:09,2017-05-14,19:42:53.679,2931,INFO,nova.compute.resource_tracker,req-addc1839-2ed5-4778-b57e-5854eb7b8b09 - - - - -,Final resource view: name=cp-1.slowvm1.tcloud-pg0.utah.cloudlab.us phys_ram=64172MB used_ram=2560MB phys_disk=15GB used_disk=20GB total_vcpus=16 used_vcpus=1 pci_stats=[],25,Final resource view: name=cp-<*>.slowvm<*>.tcloud-pg<*>.utah.cloudlab.us phys_ram=<*>MB used_ram=<*>MB phys_disk=<*>GB used_disk=<*>GB total_vcpus=<*> used_vcpus=<*> pci_stats=<*>,"['1', '1', '0', '64172', '2560', '15', '20', '16', '1', '[]']"
504,nova-compute.log.2017-05-14_21:27:09,2017-05-14,19:42:53.741,2931,INFO,nova.compute.resource_tracker,req-addc1839-2ed5-4778-b57e-5854eb7b8b09 - - - - -,Compute_service record updated for cp-1.slowvm1.tcloud-pg0.utah.cloudlab.us:cp-1.slowvm1.tcloud-pg0.utah.cloudlab.us,26,Compute_service record updated for cp-<*>.slowvm<*>.tcloud-pg<*>.utah.cloudlab.us:cp-<*>.slowvm<*>.tcloud-pg<*>.utah.cloudlab.us,"['1', '1', '0', '1', '1', '0']"
505,nova-compute.log.2017-05-14_21:27:09,2017-05-14,19:42:55.142,2931,INFO,nova.virt.libvirt.imagecache,req-addc1839-2ed5-4778-b57e-5854eb7b8b09 - - - - -,image 0673dd71-34c5-4fbb-86c4-40623fbe45b4 at (/var/lib/nova/instances/_base/a489c868f0c37da93b76227c91bb03908ac0e742): checking,5,image <*>dd<*>-<*>c<*>-<*>fbb-<*>c<*>-<*>fbe<*>b<*> at (<*>checking,"['0673', '71-34', '5-4', '86c4', '40623', '45b4', '/var/lib/nova/instances/_base/a489c868f0c37da93b76227c91bb03908ac0e742): ']"
506,nova-compute.log.2017-05-14_21:27:09,2017-05-14,19:42:55.144,2931,INFO,nova.virt.libvirt.imagecache,req-addc1839-2ed5-4778-b57e-5854eb7b8b09 - - - - -,"image 0673dd71-34c5-4fbb-86c4-40623fbe45b4 at (/var/lib/nova/instances/_base/a489c868f0c37da93b76227c91bb03908ac0e742): in use: on this node 1 local, 0 on other nodes sharing this instance storage",6,"image <*>dd<*>-<*>c<*>-<*>fbb-<*>c<*>-<*>fbe<*>b<*> at (<*>in use: on this node <*> local, <*> on other nodes sharing this instance storage","['0673', '71-34', '5-4', '86c4', '40623', '45b4', '/var/lib/nova/instances/_base/a489c868f0c37da93b76227c91bb03908ac0e742): ', '1', '0']"
507,nova-compute.log.2017-05-14_21:27:09,2017-05-14,19:42:55.326,2931,INFO,nova.virt.libvirt.imagecache,req-addc1839-2ed5-4778-b57e-5854eb7b8b09 - - - - -,Active base files: /var/lib/nova/instances/_base/a489c868f0c37da93b76227c91bb03908ac0e742,7,<*> base <*> /var/lib/nova/instances/_base/a<*>c<*>f<*>c<*>da<*>b<*>c<*>bb<*>ac<*>e<*>,"['Active', 'files:', '489c868', '0c37', '93b76227', '91', '03908', '0e742']"
508,nova-api.log.2017-05-14_21:27:04,2017-05-14,19:42:58.171,25775,INFO,nova.metadata.wsgi.server,req-89514a71-3b75-4f0f-94d2-c83a828fae4b - - - - -,"10.11.11.230,10.11.10.1 ""GET /openstack/2012-08-10/meta_data.json HTTP/1.1"" status: 200 len: 264 time: 0.2339809",0,<*> <*> <*>HTTP<*>status: <*> len: <*> time: <*>.<*>,"['10.11.11.230,10.11.10.1', '""GET /openstack/2012-08-10/meta_data.json ', '/1.1"" ', '200', '264', '0.2339809']"
509,nova-api.log.2017-05-14_21:27:04,2017-05-14,19:42:58.395,25774,INFO,nova.metadata.wsgi.server,req-b9627561-7dd7-4d36-9c93-f9fd60badb3d - - - - -,"10.11.11.230,10.11.10.1 ""GET /openstack/2013-10-17 HTTP/1.1"" status: 200 len: 157 time: 0.2146840",0,<*> <*> <*>HTTP<*>status: <*> len: <*> time: <*>.<*>,"['10.11.11.230,10.11.10.1', '""GET /openstack/2013-10-17 ', '/1.1"" ', '200', '157', '0.2146840']"
510,nova-api.log.2017-05-14_21:27:04,2017-05-14,19:42:58.408,25774,INFO,nova.metadata.wsgi.server,-,"10.11.11.230,10.11.10.1 ""GET /openstack/2013-10-17/vendor_data.json HTTP/1.1"" status: 200 len: 124 time: 0.0014479",0,<*> <*> <*>HTTP<*>status: <*> len: <*> time: <*>.<*>,"['10.11.11.230,10.11.10.1', '""GET /openstack/2013-10-17/vendor_data.json ', '/1.1"" ', '200', '124', '0.0014479']"
511,nova-api.log.2017-05-14_21:27:04,2017-05-14,19:42:58.497,25774,INFO,nova.metadata.wsgi.server,-,"10.11.11.230,10.11.10.1 ""GET /openstack/2013-10-17/vendor_data.json HTTP/1.1"" status: 200 len: 124 time: 0.0009871",0,<*> <*> <*>HTTP<*>status: <*> len: <*> time: <*>.<*>,"['10.11.11.230,10.11.10.1', '""GET /openstack/2013-10-17/vendor_data.json ', '/1.1"" ', '200', '124', '0.0009871']"
512,nova-api.log.2017-05-14_21:27:04,2017-05-14,19:42:58.733,25776,INFO,nova.metadata.wsgi.server,req-cfdcac7c-7ace-45b2-bd17-8228aa4622cf - - - - -,"10.11.11.230,10.11.10.1 ""GET /openstack/2013-10-17/user_data HTTP/1.1"" status: 404 len: 176 time: 0.2226019",0,<*> <*> <*>HTTP<*>status: <*> len: <*> time: <*>.<*>,"['10.11.11.230,10.11.10.1', '""GET /openstack/2013-10-17/user_data ', '/1.1"" ', '404', '176', '0.2226019']"
513,nova-api.log.2017-05-14_21:27:04,2017-05-14,19:42:59.041,25790,INFO,nova.metadata.wsgi.server,req-5cf8ab41-46ed-4f19-a63d-7e6fa4d80e11 - - - - -,"10.11.11.230,10.11.10.1 ""GET /openstack/2013-10-17/meta_data.json HTTP/1.1"" status: 200 len: 967 time: 0.2207930",0,<*> <*> <*>HTTP<*>status: <*> len: <*> time: <*>.<*>,"['10.11.11.230,10.11.10.1', '""GET /openstack/2013-10-17/meta_data.json ', '/1.1"" ', '200', '967', '0.2207930']"
514,nova-api.log.2017-05-14_21:27:04,2017-05-14,19:42:59.057,25790,INFO,nova.metadata.wsgi.server,-,"10.11.11.230,10.11.10.1 ""GET /openstack/2013-10-17/meta_data.json HTTP/1.1"" status: 200 len: 967 time: 0.0021341",0,<*> <*> <*>HTTP<*>status: <*> len: <*> time: <*>.<*>,"['10.11.11.230,10.11.10.1', '""GET /openstack/2013-10-17/meta_data.json ', '/1.1"" ', '200', '967', '0.0021341']"
515,nova-api.log.2017-05-14_21:27:04,2017-05-14,19:42:59.370,25784,INFO,nova.metadata.wsgi.server,req-5f0a57eb-cb1b-42ce-9c42-c7dde739ddeb - - - - -,"10.11.11.230,10.11.10.1 ""GET /latest/meta-data/ HTTP/1.1"" status: 200 len: 328 time: 0.2191241",0,<*> <*> <*>HTTP<*>status: <*> len: <*> time: <*>.<*>,"['10.11.11.230,10.11.10.1', '""GET /latest/meta-data/ ', '/1.1"" ', '200', '328', '0.2191241']"
516,nova-api.log.2017-05-14_21:27:04,2017-05-14,19:42:59.385,25784,INFO,nova.metadata.wsgi.server,-,"10.11.11.230,10.11.10.1 ""GET /latest/meta-data/block-device-mapping/ HTTP/1.1"" status: 200 len: 124 time: 0.0011101",0,<*> <*> <*>HTTP<*>status: <*> len: <*> time: <*>.<*>,"['10.11.11.230,10.11.10.1', '""GET /latest/meta-data/block-device-mapping/ ', '/1.1"" ', '200', '124', '0.0011101']"
517,nova-api.log.2017-05-14_21:27:04,2017-05-14,19:42:59.401,25784,INFO,nova.metadata.wsgi.server,-,"10.11.11.230,10.11.10.1 ""GET /latest/meta-data/block-device-mapping/ami HTTP/1.1"" status: 200 len: 119 time: 0.0008500",0,<*> <*> <*>HTTP<*>status: <*> len: <*> time: <*>.<*>,"['10.11.11.230,10.11.10.1', '""GET /latest/meta-data/block-device-mapping/ami ', '/1.1"" ', '200', '119', '0.0008500']"
518,nova-api.log.2017-05-14_21:27:04,2017-05-14,19:42:59.414,25784,INFO,nova.metadata.wsgi.server,-,"10.11.11.230,10.11.10.1 ""GET /latest/meta-data/block-device-mapping/root HTTP/1.1"" status: 200 len: 124 time: 0.0013640",0,<*> <*> <*>HTTP<*>status: <*> len: <*> time: <*>.<*>,"['10.11.11.230,10.11.10.1', '""GET /latest/meta-data/block-device-mapping/root ', '/1.1"" ', '200', '124', '0.0013640']"
519,nova-api.log.2017-05-14_21:27:04,2017-05-14,19:42:59.427,25784,INFO,nova.metadata.wsgi.server,-,"10.11.11.230,10.11.10.1 ""GET /latest/meta-data/placement/ HTTP/1.1"" status: 200 len: 134 time: 0.0008140",0,<*> <*> <*>HTTP<*>status: <*> len: <*> time: <*>.<*>,"['10.11.11.230,10.11.10.1', '""GET /latest/meta-data/placement/ ', '/1.1"" ', '200', '134', '0.0008140']"
520,nova-api.log.2017-05-14_21:27:04,2017-05-14,19:42:59.466,25746,INFO,nova.osapi_compute.wsgi.server,req-370825a8-de13-4176-b586-d2a09b6c394f 113d3a99c3da401fbd62cc2caa5b96d2 54fadb412c4e40cdbaed9335e4c35a9e - - -,"10.11.10.1 ""DELETE /v2/54fadb412c4e40cdbaed9335e4c35a9e/servers/e15ce82b-f229-4c22-9fc3-8d30dd349cf6 HTTP/1.1"" status: 204 len: 203 time: 0.2738061",0,<*> <*> <*>HTTP<*>status: <*> len: <*> time: <*>.<*>,"['10.11.10.1', '""DELETE /v2/54fadb412c4e40cdbaed9335e4c35a9e/servers/e15ce82b-f229-4c22-9fc3-8d30dd349cf6 ', '/1.1"" ', '204', '203', '0.2738061']"
521,nova-compute.log.2017-05-14_21:27:09,2017-05-14,19:42:59.497,2931,INFO,nova.compute.manager,req-370825a8-de13-4176-b586-d2a09b6c394f 113d3a99c3da401fbd62cc2caa5b96d2 54fadb412c4e40cdbaed9335e4c35a9e - - -,[instance: e15ce82b-f229-4c22-9fc3-8d30dd349cf6] Terminating instance,12,<*> Terminating instance,['[instance: e15ce82b-f229-4c22-9fc3-8d30dd349cf6]']
522,nova-api.log.2017-05-14_21:27:04,2017-05-14,19:42:59.524,25784,INFO,nova.metadata.wsgi.server,-,"10.11.11.230,10.11.10.1 ""GET /latest/meta-data/placement/availability-zone HTTP/1.1"" status: 200 len: 120 time: 0.0009470",0,<*> <*> <*>HTTP<*>status: <*> len: <*> time: <*>.<*>,"['10.11.11.230,10.11.10.1', '""GET /latest/meta-data/placement/availability-zone ', '/1.1"" ', '200', '120', '0.0009470']"
523,nova-compute.log.2017-05-14_21:27:09,2017-05-14,19:42:59.713,2931,INFO,nova.virt.libvirt.driver,-,[instance: e15ce82b-f229-4c22-9fc3-8d30dd349cf6] Instance destroyed successfully.,9,<*> Instance <*> successfully.,"['[instance: e15ce82b-f229-4c22-9fc3-8d30dd349cf6]', 'destroyed']"
524,nova-api.log.2017-05-14_21:27:04,2017-05-14,19:42:59.748,25746,INFO,nova.osapi_compute.wsgi.server,req-3a08a57f-78fe-4cb3-931e-6629539ae60c 113d3a99c3da401fbd62cc2caa5b96d2 54fadb412c4e40cdbaed9335e4c35a9e - - -,"10.11.10.1 ""GET /v2/54fadb412c4e40cdbaed9335e4c35a9e/servers/detail HTTP/1.1"" status: 200 len: 1916 time: 0.2788031",0,<*> <*> <*>HTTP<*>status: <*> len: <*> time: <*>.<*>,"['10.11.10.1', '""GET /v2/54fadb412c4e40cdbaed9335e4c35a9e/servers/detail ', '/1.1"" ', '200', '1916', '0.2788031']"
525,nova-compute.log.2017-05-14_21:27:09,2017-05-14,19:43:00.411,2931,INFO,nova.virt.libvirt.imagecache,req-addc1839-2ed5-4778-b57e-5854eb7b8b09 - - - - -,image 0673dd71-34c5-4fbb-86c4-40623fbe45b4 at (/var/lib/nova/instances/_base/a489c868f0c37da93b76227c91bb03908ac0e742): checking,5,image <*>dd<*>-<*>c<*>-<*>fbb-<*>c<*>-<*>fbe<*>b<*> at (<*>checking,"['0673', '71-34', '5-4', '86c4', '40623', '45b4', '/var/lib/nova/instances/_base/a489c868f0c37da93b76227c91bb03908ac0e742): ']"
526,nova-compute.log.2017-05-14_21:27:09,2017-05-14,19:43:00.413,2931,INFO,nova.virt.libvirt.imagecache,req-addc1839-2ed5-4778-b57e-5854eb7b8b09 - - - - -,"image 0673dd71-34c5-4fbb-86c4-40623fbe45b4 at (/var/lib/nova/instances/_base/a489c868f0c37da93b76227c91bb03908ac0e742): in use: on this node 1 local, 0 on other nodes sharing this instance storage",6,"image <*>dd<*>-<*>c<*>-<*>fbb-<*>c<*>-<*>fbe<*>b<*> at (<*>in use: on this node <*> local, <*> on other nodes sharing this instance storage","['0673', '71-34', '5-4', '86c4', '40623', '45b4', '/var/lib/nova/instances/_base/a489c868f0c37da93b76227c91bb03908ac0e742): ', '1', '0']"
527,nova-compute.log.2017-05-14_21:27:09,2017-05-14,19:43:00.443,2931,INFO,nova.virt.libvirt.driver,req-370825a8-de13-4176-b586-d2a09b6c394f 113d3a99c3da401fbd62cc2caa5b96d2 54fadb412c4e40cdbaed9335e4c35a9e - - -,[instance: e15ce82b-f229-4c22-9fc3-8d30dd349cf6] Deleting instance files /var/lib/nova/instances/e15ce82b-f229-4c22-9fc3-8d30dd349cf6_del,13,<*> Deleting instance files <*>,"['[instance: e15ce82b-f229-4c22-9fc3-8d30dd349cf6]', '/var/lib/nova/instances/e15ce82b-f229-4c22-9fc3-8d30dd349cf6_del']"
528,nova-compute.log.2017-05-14_21:27:09,2017-05-14,19:43:00.445,2931,INFO,nova.virt.libvirt.driver,req-370825a8-de13-4176-b586-d2a09b6c394f 113d3a99c3da401fbd62cc2caa5b96d2 54fadb412c4e40cdbaed9335e4c35a9e - - -,[instance: e15ce82b-f229-4c22-9fc3-8d30dd349cf6] Deletion of /var/lib/nova/instances/e15ce82b-f229-4c22-9fc3-8d30dd349cf6_del complete,14,<*> Deletion of <*>complete,"['[instance: e15ce82b-f229-4c22-9fc3-8d30dd349cf6]', '/var/lib/nova/instances/e15ce82b-f229-4c22-9fc3-8d30dd349cf6_del ']"
529,nova-compute.log.2017-05-14_21:27:09,2017-05-14,19:43:00.520,2931,INFO,nova.virt.libvirt.imagecache,req-addc1839-2ed5-4778-b57e-5854eb7b8b09 - - - - -,Active base files: /var/lib/nova/instances/_base/a489c868f0c37da93b76227c91bb03908ac0e742,7,<*> base <*> /var/lib/nova/instances/_base/a<*>c<*>f<*>c<*>da<*>b<*>c<*>bb<*>ac<*>e<*>,"['Active', 'files:', '489c868', '0c37', '93b76227', '91', '03908', '0e742']"
530,nova-compute.log.2017-05-14_21:27:09,2017-05-14,19:43:00.558,2931,INFO,nova.compute.manager,req-370825a8-de13-4176-b586-d2a09b6c394f 113d3a99c3da401fbd62cc2caa5b96d2 54fadb412c4e40cdbaed9335e4c35a9e - - -,[instance: e15ce82b-f229-4c22-9fc3-8d30dd349cf6] Took 1.05 seconds to destroy the instance on the hypervisor.,10,<*> Took <*>.<*> seconds to <*> the instance on the hypervisor.,"['[instance: e15ce82b-f229-4c22-9fc3-8d30dd349cf6]', '1.05', 'destroy']"
531,nova-api.log.2017-05-14_21:27:04,2017-05-14,19:43:00.968,25746,INFO,nova.osapi_compute.wsgi.server,req-68fbd7dd-1dcb-4d8c-a1fa-ad5f168588c3 113d3a99c3da401fbd62cc2caa5b96d2 54fadb412c4e40cdbaed9335e4c35a9e - - -,"10.11.10.1 ""GET /v2/54fadb412c4e40cdbaed9335e4c35a9e/servers/detail HTTP/1.1"" status: 200 len: 1874 time: 0.2143178",0,<*> <*> <*>HTTP<*>status: <*> len: <*> time: <*>.<*>,"['10.11.10.1', '""GET /v2/54fadb412c4e40cdbaed9335e4c35a9e/servers/detail ', '/1.1"" ', '200', '1874', '0.2143178']"
532,nova-compute.log.2017-05-14_21:27:09,2017-05-14,19:43:01.019,2931,INFO,nova.compute.manager,req-370825a8-de13-4176-b586-d2a09b6c394f 113d3a99c3da401fbd62cc2caa5b96d2 54fadb412c4e40cdbaed9335e4c35a9e - - -,[instance: e15ce82b-f229-4c22-9fc3-8d30dd349cf6] Took 0.46 seconds to deallocate network for instance.,15,<*> Took <*>.<*> seconds to deallocate network for instance.,"['[instance: e15ce82b-f229-4c22-9fc3-8d30dd349cf6]', '0.46']"
533,nova-api.log.2017-05-14_21:27:04,2017-05-14,19:43:02.072,25746,INFO,nova.osapi_compute.wsgi.server,req-50cb61fe-f431-436b-adc1-713d1d3fe4d3 113d3a99c3da401fbd62cc2caa5b96d2 54fadb412c4e40cdbaed9335e4c35a9e - - -,"10.11.10.1 ""GET /v2/54fadb412c4e40cdbaed9335e4c35a9e/servers/detail HTTP/1.1"" status: 200 len: 211 time: 0.0981789",0,<*> <*> <*>HTTP<*>status: <*> len: <*> time: <*>.<*>,"['10.11.10.1', '""GET /v2/54fadb412c4e40cdbaed9335e4c35a9e/servers/detail ', '/1.1"" ', '200', '211', '0.0981789']"
534,nova-api.log.2017-05-14_21:27:04,2017-05-14,19:43:03.056,25746,INFO,nova.api.openstack.wsgi,req-68f567ed-f523-4963-8623-37dae53b041d f7b8d1f1d4d44643b07fa10ca7d021fb e9746973ac574c6b8a9e8857f56a7608 - - -,HTTP exception thrown: No instances found for any event,16,HTTP exception thrown: No instances found for any event,[]
535,nova-api.log.2017-05-14_21:27:04,2017-05-14,19:43:03.058,25746,INFO,nova.osapi_compute.wsgi.server,req-68f567ed-f523-4963-8623-37dae53b041d f7b8d1f1d4d44643b07fa10ca7d021fb e9746973ac574c6b8a9e8857f56a7608 - - -,"10.11.10.1 ""POST /v2/e9746973ac574c6b8a9e8857f56a7608/os-server-external-events HTTP/1.1"" status: 404 len: 296 time: 0.0920169",0,<*> <*> <*>HTTP<*>status: <*> len: <*> time: <*>.<*>,"['10.11.10.1', '""POST /v2/e9746973ac574c6b8a9e8857f56a7608/os-server-external-events ', '/1.1"" ', '404', '296', '0.0920169']"
536,nova-compute.log.2017-05-14_21:27:09,2017-05-14,19:43:05.550,2931,WARNING,nova.virt.libvirt.imagecache,req-addc1839-2ed5-4778-b57e-5854eb7b8b09 - - - - -,Unknown base file: /var/lib/nova/instances/_base/a489c868f0c37da93b76227c91bb03908ac0e742,7,<*> base <*> /var/lib/nova/instances/_base/a<*>c<*>f<*>c<*>da<*>b<*>c<*>bb<*>ac<*>e<*>,"['Unknown', 'file:', '489c868', '0c37', '93b76227', '91', '03908', '0e742']"
537,nova-compute.log.2017-05-14_21:27:09,2017-05-14,19:43:05.551,2931,INFO,nova.virt.libvirt.imagecache,req-addc1839-2ed5-4778-b57e-5854eb7b8b09 - - - - -,Removable base files: /var/lib/nova/instances/_base/a489c868f0c37da93b76227c91bb03908ac0e742,7,<*> base <*> /var/lib/nova/instances/_base/a<*>c<*>f<*>c<*>da<*>b<*>c<*>bb<*>ac<*>e<*>,"['Removable', 'files:', '489c868', '0c37', '93b76227', '91', '03908', '0e742']"
538,nova-compute.log.2017-05-14_21:27:09,2017-05-14,19:43:05.552,2931,INFO,nova.virt.libvirt.imagecache,req-addc1839-2ed5-4778-b57e-5854eb7b8b09 - - - - -,Removing base or swap file: /var/lib/nova/instances/_base/a489c868f0c37da93b76227c91bb03908ac0e742,17,Removing base or swap file: /var/lib/nova/instances/_base/a<*>c<*>f<*>c<*>da<*>b<*>c<*>bb<*>ac<*>e<*>,"['489c868', '0c37', '93b76227', '91', '03908', '0e742']"
539,nova-api.log.2017-05-14_21:27:04,2017-05-14,19:43:12.622,25746,INFO,nova.osapi_compute.wsgi.server,req-fa26d365-e31a-44fe-b280-01051e9032df 113d3a99c3da401fbd62cc2caa5b96d2 54fadb412c4e40cdbaed9335e4c35a9e - - -,"10.11.10.1 ""POST /v2/54fadb412c4e40cdbaed9335e4c35a9e/servers HTTP/1.1"" status: 202 len: 733 time: 0.5360930",0,<*> <*> <*>HTTP<*>status: <*> len: <*> time: <*>.<*>,"['10.11.10.1', '""POST /v2/54fadb412c4e40cdbaed9335e4c35a9e/servers ', '/1.1"" ', '202', '733', '0.5360930']"
540,nova-api.log.2017-05-14_21:27:04,2017-05-14,19:43:12.811,25746,INFO,nova.osapi_compute.wsgi.server,req-ad7c4f0f-eae7-4220-a6d3-90ae54773301 113d3a99c3da401fbd62cc2caa5b96d2 54fadb412c4e40cdbaed9335e4c35a9e - - -,"10.11.10.1 ""GET /v2/54fadb412c4e40cdbaed9335e4c35a9e/servers/detail HTTP/1.1"" status: 200 len: 1583 time: 0.1842570",0,<*> <*> <*>HTTP<*>status: <*> len: <*> time: <*>.<*>,"['10.11.10.1', '""GET /v2/54fadb412c4e40cdbaed9335e4c35a9e/servers/detail ', '/1.1"" ', '200', '1583', '0.1842570']"
541,nova-compute.log.2017-05-14_21:27:09,2017-05-14,19:43:12.916,2931,INFO,nova.compute.claims,req-fa26d365-e31a-44fe-b280-01051e9032df 113d3a99c3da401fbd62cc2caa5b96d2 54fadb412c4e40cdbaed9335e4c35a9e - - -,"[instance: 3475e6b6-0bc7-4218-84e2-e17ba43e6e0d] Attempting claim: memory 2048 MB, disk 20 GB, vcpus 1 CPU",18,"<*> Attempting claim: memory <*> MB, disk <*> GB, vcpus <*> CPU","['[instance: 3475e6b6-0bc7-4218-84e2-e17ba43e6e0d]', '2048', '20', '1']"
542,nova-compute.log.2017-05-14_21:27:09,2017-05-14,19:43:12.917,2931,INFO,nova.compute.claims,req-fa26d365-e31a-44fe-b280-01051e9032df 113d3a99c3da401fbd62cc2caa5b96d2 54fadb412c4e40cdbaed9335e4c35a9e - - -,"[instance: 3475e6b6-0bc7-4218-84e2-e17ba43e6e0d] Total memory: 64172 MB, used: 512.00 MB",19,"<*> <*> <*> <*> MB, <*> <*>.<*> MB","['[instance:', '3475e6b6-0bc7-4218-84e2-e17ba43e6e0d] Total memory: 64172', 'used: 512', '00']"
543,nova-compute.log.2017-05-14_21:27:09,2017-05-14,19:43:12.918,2931,INFO,nova.compute.claims,req-fa26d365-e31a-44fe-b280-01051e9032df 113d3a99c3da401fbd62cc2caa5b96d2 54fadb412c4e40cdbaed9335e4c35a9e - - -,"[instance: 3475e6b6-0bc7-4218-84e2-e17ba43e6e0d] memory limit: 96258.00 MB, free: 95746.00 MB",19,"<*> <*> <*> <*> MB, <*> <*>.<*> MB","['[instance:', '3475e6b6-0bc7-4218-84e2-e17ba43e6e0d] memory limit: 96258.00', 'free: 95746', '00']"
544,nova-compute.log.2017-05-14_21:27:09,2017-05-14,19:43:12.919,2931,INFO,nova.compute.claims,req-fa26d365-e31a-44fe-b280-01051e9032df 113d3a99c3da401fbd62cc2caa5b96d2 54fadb412c4e40cdbaed9335e4c35a9e - - -,"[instance: 3475e6b6-0bc7-4218-84e2-e17ba43e6e0d] Total disk: 15 GB, used: 0.00 GB",20,<*> Total <*> <*> <*> used: <*>.<*> <*>,"['[instance: 3475e6b6-0bc7-4218-84e2-e17ba43e6e0d]', 'disk:', '15 GB,', '0.00', 'GB']"
545,nova-compute.log.2017-05-14_21:27:09,2017-05-14,19:43:12.920,2931,INFO,nova.compute.claims,req-fa26d365-e31a-44fe-b280-01051e9032df 113d3a99c3da401fbd62cc2caa5b96d2 54fadb412c4e40cdbaed9335e4c35a9e - - -,"[instance: 3475e6b6-0bc7-4218-84e2-e17ba43e6e0d] disk limit not specified, defaulting to unlimited",21,"<*> <*> limit not specified, defaulting to unlimited",['[instance: 3475e6b6-0bc7-4218-84e2-e17ba43e6e0d] disk']
546,nova-compute.log.2017-05-14_21:27:09,2017-05-14,19:43:12.921,2931,INFO,nova.compute.claims,req-fa26d365-e31a-44fe-b280-01051e9032df 113d3a99c3da401fbd62cc2caa5b96d2 54fadb412c4e40cdbaed9335e4c35a9e - - -,"[instance: 3475e6b6-0bc7-4218-84e2-e17ba43e6e0d] Total vcpu: 16 VCPU, used: 0.00 VCPU",20,<*> Total <*> <*> <*> used: <*>.<*> <*>,"['[instance: 3475e6b6-0bc7-4218-84e2-e17ba43e6e0d]', 'vcpu:', '16 VCPU,', '0.00', 'VCPU']"
547,nova-compute.log.2017-05-14_21:27:09,2017-05-14,19:43:12.921,2931,INFO,nova.compute.claims,req-fa26d365-e31a-44fe-b280-01051e9032df 113d3a99c3da401fbd62cc2caa5b96d2 54fadb412c4e40cdbaed9335e4c35a9e - - -,"[instance: 3475e6b6-0bc7-4218-84e2-e17ba43e6e0d] vcpu limit not specified, defaulting to unlimited",21,"<*> <*> limit not specified, defaulting to unlimited",['[instance: 3475e6b6-0bc7-4218-84e2-e17ba43e6e0d] vcpu']
548,nova-compute.log.2017-05-14_21:27:09,2017-05-14,19:43:12.954,2931,INFO,nova.compute.claims,req-fa26d365-e31a-44fe-b280-01051e9032df 113d3a99c3da401fbd62cc2caa5b96d2 54fadb412c4e40cdbaed9335e4c35a9e - - -,[instance: 3475e6b6-0bc7-4218-84e2-e17ba43e6e0d] Claim successful,22,<*> Claim successful,['[instance: 3475e6b6-0bc7-4218-84e2-e17ba43e6e0d]']
549,nova-api.log.2017-05-14_21:27:04,2017-05-14,19:43:12.997,25746,INFO,nova.osapi_compute.wsgi.server,req-5dc97fed-f507-4618-b19a-52e1ee79dbb8 113d3a99c3da401fbd62cc2caa5b96d2 54fadb412c4e40cdbaed9335e4c35a9e - - -,"10.11.10.1 ""GET /v2/54fadb412c4e40cdbaed9335e4c35a9e/servers/detail HTTP/1.1"" status: 200 len: 1583 time: 0.1833310",0,<*> <*> <*>HTTP<*>status: <*> len: <*> time: <*>.<*>,"['10.11.10.1', '""GET /v2/54fadb412c4e40cdbaed9335e4c35a9e/servers/detail ', '/1.1"" ', '200', '1583', '0.1833310']"
550,nova-api.log.2017-05-14_21:27:04,2017-05-14,19:43:13.198,25746,INFO,nova.osapi_compute.wsgi.server,req-22c4a8cf-ca43-4430-8b33-48d98d0fcbb3 113d3a99c3da401fbd62cc2caa5b96d2 54fadb412c4e40cdbaed9335e4c35a9e - - -,"10.11.10.1 ""GET /v2/54fadb412c4e40cdbaed9335e4c35a9e/servers/3475e6b6-0bc7-4218-84e2-e17ba43e6e0d HTTP/1.1"" status: 200 len: 1708 time: 0.1963639",0,<*> <*> <*>HTTP<*>status: <*> len: <*> time: <*>.<*>,"['10.11.10.1', '""GET /v2/54fadb412c4e40cdbaed9335e4c35a9e/servers/3475e6b6-0bc7-4218-84e2-e17ba43e6e0d ', '/1.1"" ', '200', '1708', '0.1963639']"
551,nova-compute.log.2017-05-14_21:27:09,2017-05-14,19:43:13.548,2931,INFO,nova.virt.libvirt.driver,req-fa26d365-e31a-44fe-b280-01051e9032df 113d3a99c3da401fbd62cc2caa5b96d2 54fadb412c4e40cdbaed9335e4c35a9e - - -,[instance: 3475e6b6-0bc7-4218-84e2-e17ba43e6e0d] Creating image,1,<*> Creating image,['[instance: 3475e6b6-0bc7-4218-84e2-e17ba43e6e0d]']
552,nova-api.log.2017-05-14_21:27:04,2017-05-14,19:43:14.484,25746,INFO,nova.osapi_compute.wsgi.server,req-806c9d6e-5bc8-40ca-b22a-47107c5a0181 113d3a99c3da401fbd62cc2caa5b96d2 54fadb412c4e40cdbaed9335e4c35a9e - - -,"10.11.10.1 ""GET /v2/54fadb412c4e40cdbaed9335e4c35a9e/servers/detail HTTP/1.1"" status: 200 len: 1759 time: 0.2798910",0,<*> <*> <*>HTTP<*>status: <*> len: <*> time: <*>.<*>,"['10.11.10.1', '""GET /v2/54fadb412c4e40cdbaed9335e4c35a9e/servers/detail ', '/1.1"" ', '200', '1759', '0.2798910']"
553,nova-compute.log.2017-05-14_21:27:09,2017-05-14,19:43:14.712,2931,INFO,nova.compute.manager,-,[instance: e15ce82b-f229-4c22-9fc3-8d30dd349cf6] VM Stopped (Lifecycle Event),2,<*> VM <*> (Lifecycle Event),"['[instance: e15ce82b-f229-4c22-9fc3-8d30dd349cf6]', 'Stopped']"
554,nova-api.log.2017-05-14_21:27:04,2017-05-14,19:43:14.748,25746,INFO,nova.osapi_compute.wsgi.server,req-2828c3e1-4632-41d4-9234-783263f29aff 113d3a99c3da401fbd62cc2caa5b96d2 54fadb412c4e40cdbaed9335e4c35a9e - - -,"10.11.10.1 ""GET /v2/54fadb412c4e40cdbaed9335e4c35a9e/servers/detail HTTP/1.1"" status: 200 len: 1759 time: 0.2593288",0,<*> <*> <*>HTTP<*>status: <*> len: <*> time: <*>.<*>,"['10.11.10.1', '""GET /v2/54fadb412c4e40cdbaed9335e4c35a9e/servers/detail ', '/1.1"" ', '200', '1759', '0.2593288']"
555,nova-api.log.2017-05-14_21:27:04,2017-05-14,19:43:16.017,25746,INFO,nova.osapi_compute.wsgi.server,req-0067d709-e60d-47ff-b293-b23b9a870cf2 113d3a99c3da401fbd62cc2caa5b96d2 54fadb412c4e40cdbaed9335e4c35a9e - - -,"10.11.10.1 ""GET /v2/54fadb412c4e40cdbaed9335e4c35a9e/servers/detail HTTP/1.1"" status: 200 len: 1893 time: 0.2631109",0,<*> <*> <*>HTTP<*>status: <*> len: <*> time: <*>.<*>,"['10.11.10.1', '""GET /v2/54fadb412c4e40cdbaed9335e4c35a9e/servers/detail ', '/1.1"" ', '200', '1893', '0.2631109']"
556,nova-api.log.2017-05-14_21:27:04,2017-05-14,19:43:16.281,25746,INFO,nova.osapi_compute.wsgi.server,req-12d00e7c-0817-456f-bd76-479fcdc3ae4f 113d3a99c3da401fbd62cc2caa5b96d2 54fadb412c4e40cdbaed9335e4c35a9e - - -,"10.11.10.1 ""GET /v2/54fadb412c4e40cdbaed9335e4c35a9e/servers/detail HTTP/1.1"" status: 200 len: 1893 time: 0.2596171",0,<*> <*> <*>HTTP<*>status: <*> len: <*> time: <*>.<*>,"['10.11.10.1', '""GET /v2/54fadb412c4e40cdbaed9335e4c35a9e/servers/detail ', '/1.1"" ', '200', '1893', '0.2596171']"
557,nova-api.log.2017-05-14_21:27:04,2017-05-14,19:43:17.558,25746,INFO,nova.osapi_compute.wsgi.server,req-323880dd-da6d-4f75-8a54-6a392680536e 113d3a99c3da401fbd62cc2caa5b96d2 54fadb412c4e40cdbaed9335e4c35a9e - - -,"10.11.10.1 ""GET /v2/54fadb412c4e40cdbaed9335e4c35a9e/servers/detail HTTP/1.1"" status: 200 len: 1893 time: 0.2725699",0,<*> <*> <*>HTTP<*>status: <*> len: <*> time: <*>.<*>,"['10.11.10.1', '""GET /v2/54fadb412c4e40cdbaed9335e4c35a9e/servers/detail ', '/1.1"" ', '200', '1893', '0.2725699']"
558,nova-api.log.2017-05-14_21:27:04,2017-05-14,19:43:17.811,25746,INFO,nova.osapi_compute.wsgi.server,req-a1c8dcfc-6124-4101-b3f4-6047b3408a5b 113d3a99c3da401fbd62cc2caa5b96d2 54fadb412c4e40cdbaed9335e4c35a9e - - -,"10.11.10.1 ""GET /v2/54fadb412c4e40cdbaed9335e4c35a9e/servers/detail HTTP/1.1"" status: 200 len: 1893 time: 0.2479138",0,<*> <*> <*>HTTP<*>status: <*> len: <*> time: <*>.<*>,"['10.11.10.1', '""GET /v2/54fadb412c4e40cdbaed9335e4c35a9e/servers/detail ', '/1.1"" ', '200', '1893', '0.2479138']"
559,nova-api.log.2017-05-14_21:27:04,2017-05-14,19:43:19.081,25746,INFO,nova.osapi_compute.wsgi.server,req-d9617e92-5124-451a-991c-ef5b09843162 113d3a99c3da401fbd62cc2caa5b96d2 54fadb412c4e40cdbaed9335e4c35a9e - - -,"10.11.10.1 ""GET /v2/54fadb412c4e40cdbaed9335e4c35a9e/servers/detail HTTP/1.1"" status: 200 len: 1893 time: 0.2646921",0,<*> <*> <*>HTTP<*>status: <*> len: <*> time: <*>.<*>,"['10.11.10.1', '""GET /v2/54fadb412c4e40cdbaed9335e4c35a9e/servers/detail ', '/1.1"" ', '200', '1893', '0.2646921']"
560,nova-api.log.2017-05-14_21:27:04,2017-05-14,19:43:19.353,25746,INFO,nova.osapi_compute.wsgi.server,req-708001e0-4992-46a0-b9e8-3672f93a105d 113d3a99c3da401fbd62cc2caa5b96d2 54fadb412c4e40cdbaed9335e4c35a9e - - -,"10.11.10.1 ""GET /v2/54fadb412c4e40cdbaed9335e4c35a9e/servers/detail HTTP/1.1"" status: 200 len: 1893 time: 0.2670321",0,<*> <*> <*>HTTP<*>status: <*> len: <*> time: <*>.<*>,"['10.11.10.1', '""GET /v2/54fadb412c4e40cdbaed9335e4c35a9e/servers/detail ', '/1.1"" ', '200', '1893', '0.2670321']"
561,nova-api.log.2017-05-14_21:27:04,2017-05-14,19:43:20.614,25746,INFO,nova.osapi_compute.wsgi.server,req-24c1e0c7-1337-4d39-9602-1536cff35d32 113d3a99c3da401fbd62cc2caa5b96d2 54fadb412c4e40cdbaed9335e4c35a9e - - -,"10.11.10.1 ""GET /v2/54fadb412c4e40cdbaed9335e4c35a9e/servers/detail HTTP/1.1"" status: 200 len: 1893 time: 0.2552171",0,<*> <*> <*>HTTP<*>status: <*> len: <*> time: <*>.<*>,"['10.11.10.1', '""GET /v2/54fadb412c4e40cdbaed9335e4c35a9e/servers/detail ', '/1.1"" ', '200', '1893', '0.2552171']"
562,nova-api.log.2017-05-14_21:27:04,2017-05-14,19:43:20.883,25746,INFO,nova.osapi_compute.wsgi.server,req-54342068-4cea-4486-8619-c8674d87324b 113d3a99c3da401fbd62cc2caa5b96d2 54fadb412c4e40cdbaed9335e4c35a9e - - -,"10.11.10.1 ""GET /v2/54fadb412c4e40cdbaed9335e4c35a9e/servers/detail HTTP/1.1"" status: 200 len: 1893 time: 0.2638700",0,<*> <*> <*>HTTP<*>status: <*> len: <*> time: <*>.<*>,"['10.11.10.1', '""GET /v2/54fadb412c4e40cdbaed9335e4c35a9e/servers/detail ', '/1.1"" ', '200', '1893', '0.2638700']"
563,nova-api.log.2017-05-14_21:27:04,2017-05-14,19:43:22.161,25746,INFO,nova.osapi_compute.wsgi.server,req-d880c7a7-2c09-4a49-842b-480ec699ff18 113d3a99c3da401fbd62cc2caa5b96d2 54fadb412c4e40cdbaed9335e4c35a9e - - -,"10.11.10.1 ""GET /v2/54fadb412c4e40cdbaed9335e4c35a9e/servers/detail HTTP/1.1"" status: 200 len: 1893 time: 0.2713580",0,<*> <*> <*>HTTP<*>status: <*> len: <*> time: <*>.<*>,"['10.11.10.1', '""GET /v2/54fadb412c4e40cdbaed9335e4c35a9e/servers/detail ', '/1.1"" ', '200', '1893', '0.2713580']"
564,nova-api.log.2017-05-14_21:27:04,2017-05-14,19:43:22.420,25746,INFO,nova.osapi_compute.wsgi.server,req-2a0142d7-f9b0-4fb8-9573-cfb35cefa0ae 113d3a99c3da401fbd62cc2caa5b96d2 54fadb412c4e40cdbaed9335e4c35a9e - - -,"10.11.10.1 ""GET /v2/54fadb412c4e40cdbaed9335e4c35a9e/servers/detail HTTP/1.1"" status: 200 len: 1893 time: 0.2545860",0,<*> <*> <*>HTTP<*>status: <*> len: <*> time: <*>.<*>,"['10.11.10.1', '""GET /v2/54fadb412c4e40cdbaed9335e4c35a9e/servers/detail ', '/1.1"" ', '200', '1893', '0.2545860']"
565,nova-api.log.2017-05-14_21:27:04,2017-05-14,19:43:23.698,25746,INFO,nova.osapi_compute.wsgi.server,req-100bb233-86e3-44af-a590-01ea7a9f33fd 113d3a99c3da401fbd62cc2caa5b96d2 54fadb412c4e40cdbaed9335e4c35a9e - - -,"10.11.10.1 ""GET /v2/54fadb412c4e40cdbaed9335e4c35a9e/servers/detail HTTP/1.1"" status: 200 len: 1893 time: 0.2719769",0,<*> <*> <*>HTTP<*>status: <*> len: <*> time: <*>.<*>,"['10.11.10.1', '""GET /v2/54fadb412c4e40cdbaed9335e4c35a9e/servers/detail ', '/1.1"" ', '200', '1893', '0.2719769']"
566,nova-api.log.2017-05-14_21:27:04,2017-05-14,19:43:23.977,25746,INFO,nova.osapi_compute.wsgi.server,req-501cccbb-56d7-4279-8b2e-f149b03b86fb 113d3a99c3da401fbd62cc2caa5b96d2 54fadb412c4e40cdbaed9335e4c35a9e - - -,"10.11.10.1 ""GET /v2/54fadb412c4e40cdbaed9335e4c35a9e/servers/detail HTTP/1.1"" status: 200 len: 1893 time: 0.2747569",0,<*> <*> <*>HTTP<*>status: <*> len: <*> time: <*>.<*>,"['10.11.10.1', '""GET /v2/54fadb412c4e40cdbaed9335e4c35a9e/servers/detail ', '/1.1"" ', '200', '1893', '0.2747569']"
567,nova-api.log.2017-05-14_21:27:04,2017-05-14,19:43:25.262,25746,INFO,nova.osapi_compute.wsgi.server,req-56c54c70-66f9-4f1c-a828-0737ce3f8401 113d3a99c3da401fbd62cc2caa5b96d2 54fadb412c4e40cdbaed9335e4c35a9e - - -,"10.11.10.1 ""GET /v2/54fadb412c4e40cdbaed9335e4c35a9e/servers/detail HTTP/1.1"" status: 200 len: 1893 time: 0.2791650",0,<*> <*> <*>HTTP<*>status: <*> len: <*> time: <*>.<*>,"['10.11.10.1', '""GET /v2/54fadb412c4e40cdbaed9335e4c35a9e/servers/detail ', '/1.1"" ', '200', '1893', '0.2791650']"
568,nova-api.log.2017-05-14_21:27:04,2017-05-14,19:43:25.537,25746,INFO,nova.osapi_compute.wsgi.server,req-4dd3162b-0a85-4db9-9a58-3cd609623740 113d3a99c3da401fbd62cc2caa5b96d2 54fadb412c4e40cdbaed9335e4c35a9e - - -,"10.11.10.1 ""GET /v2/54fadb412c4e40cdbaed9335e4c35a9e/servers/detail HTTP/1.1"" status: 200 len: 1893 time: 0.2704940",0,<*> <*> <*>HTTP<*>status: <*> len: <*> time: <*>.<*>,"['10.11.10.1', '""GET /v2/54fadb412c4e40cdbaed9335e4c35a9e/servers/detail ', '/1.1"" ', '200', '1893', '0.2704940']"
569,nova-compute.log.2017-05-14_21:27:09,2017-05-14,19:43:25.890,2931,INFO,nova.virt.libvirt.imagecache,req-addc1839-2ed5-4778-b57e-5854eb7b8b09 - - - - -,image 0673dd71-34c5-4fbb-86c4-40623fbe45b4 at (/var/lib/nova/instances/_base/a489c868f0c37da93b76227c91bb03908ac0e742): checking,5,image <*>dd<*>-<*>c<*>-<*>fbb-<*>c<*>-<*>fbe<*>b<*> at (<*>checking,"['0673', '71-34', '5-4', '86c4', '40623', '45b4', '/var/lib/nova/instances/_base/a489c868f0c37da93b76227c91bb03908ac0e742): ']"
570,nova-compute.log.2017-05-14_21:27:09,2017-05-14,19:43:25.891,2931,INFO,nova.virt.libvirt.imagecache,req-addc1839-2ed5-4778-b57e-5854eb7b8b09 - - - - -,"image 0673dd71-34c5-4fbb-86c4-40623fbe45b4 at (/var/lib/nova/instances/_base/a489c868f0c37da93b76227c91bb03908ac0e742): in use: on this node 1 local, 0 on other nodes sharing this instance storage",6,"image <*>dd<*>-<*>c<*>-<*>fbb-<*>c<*>-<*>fbe<*>b<*> at (<*>in use: on this node <*> local, <*> on other nodes sharing this instance storage","['0673', '71-34', '5-4', '86c4', '40623', '45b4', '/var/lib/nova/instances/_base/a489c868f0c37da93b76227c91bb03908ac0e742): ', '1', '0']"
571,nova-compute.log.2017-05-14_21:27:09,2017-05-14,19:43:26.083,2931,INFO,nova.virt.libvirt.imagecache,req-addc1839-2ed5-4778-b57e-5854eb7b8b09 - - - - -,Active base files: /var/lib/nova/instances/_base/a489c868f0c37da93b76227c91bb03908ac0e742,7,<*> base <*> /var/lib/nova/instances/_base/a<*>c<*>f<*>c<*>da<*>b<*>c<*>bb<*>ac<*>e<*>,"['Active', 'files:', '489c868', '0c37', '93b76227', '91', '03908', '0e742']"
572,nova-compute.log.2017-05-14_21:27:09,2017-05-14,19:43:26.704,2931,INFO,nova.compute.manager,req-3ea4052c-895d-4b64-9e2d-04d64c4d94ab - - - - -,[instance: 3475e6b6-0bc7-4218-84e2-e17ba43e6e0d] VM Started (Lifecycle Event),2,<*> VM <*> (Lifecycle Event),"['[instance: 3475e6b6-0bc7-4218-84e2-e17ba43e6e0d]', 'Started']"
573,nova-compute.log.2017-05-14_21:27:09,2017-05-14,19:43:26.772,2931,INFO,nova.compute.manager,req-3ea4052c-895d-4b64-9e2d-04d64c4d94ab - - - - -,[instance: 3475e6b6-0bc7-4218-84e2-e17ba43e6e0d] VM Paused (Lifecycle Event),2,<*> VM <*> (Lifecycle Event),"['[instance: 3475e6b6-0bc7-4218-84e2-e17ba43e6e0d]', 'Paused']"
574,nova-compute.log.2017-05-14_21:27:09,2017-05-14,19:43:26.885,2931,INFO,nova.compute.manager,req-3ea4052c-895d-4b64-9e2d-04d64c4d94ab - - - - -,[instance: 3475e6b6-0bc7-4218-84e2-e17ba43e6e0d] During sync_power_state the instance has a pending task (spawning). Skip.,4,<*> During sync_power_state the instance has a pending task (spawning). Skip.,['[instance: 3475e6b6-0bc7-4218-84e2-e17ba43e6e0d]']
575,nova-api.log.2017-05-14_21:27:04,2017-05-14,19:43:27.076,25746,INFO,nova.osapi_compute.wsgi.server,req-f8d1d48b-4bbe-4564-a8f1-60dc9d1266dc 113d3a99c3da401fbd62cc2caa5b96d2 54fadb412c4e40cdbaed9335e4c35a9e - - -,"10.11.10.1 ""GET /v2/54fadb412c4e40cdbaed9335e4c35a9e/servers/detail HTTP/1.1"" status: 200 len: 1893 time: 0.5347130",0,<*> <*> <*>HTTP<*>status: <*> len: <*> time: <*>.<*>,"['10.11.10.1', '""GET /v2/54fadb412c4e40cdbaed9335e4c35a9e/servers/detail ', '/1.1"" ', '200', '1893', '0.5347130']"
576,nova-api.log.2017-05-14_21:27:04,2017-05-14,19:43:27.343,25746,INFO,nova.osapi_compute.wsgi.server,req-921633dd-8af3-461a-b2b5-e53a43469122 113d3a99c3da401fbd62cc2caa5b96d2 54fadb412c4e40cdbaed9335e4c35a9e - - -,"10.11.10.1 ""GET /v2/54fadb412c4e40cdbaed9335e4c35a9e/servers/detail HTTP/1.1"" status: 200 len: 1893 time: 0.2635250",0,<*> <*> <*>HTTP<*>status: <*> len: <*> time: <*>.<*>,"['10.11.10.1', '""GET /v2/54fadb412c4e40cdbaed9335e4c35a9e/servers/detail ', '/1.1"" ', '200', '1893', '0.2635250']"
577,nova-api.log.2017-05-14_21:27:04,2017-05-14,19:43:28.609,25746,INFO,nova.osapi_compute.wsgi.server,req-026c089a-594e-4b0f-8f56-18fa39746011 113d3a99c3da401fbd62cc2caa5b96d2 54fadb412c4e40cdbaed9335e4c35a9e - - -,"10.11.10.1 ""GET /v2/54fadb412c4e40cdbaed9335e4c35a9e/servers/detail HTTP/1.1"" status: 200 len: 1893 time: 0.2607889",0,<*> <*> <*>HTTP<*>status: <*> len: <*> time: <*>.<*>,"['10.11.10.1', '""GET /v2/54fadb412c4e40cdbaed9335e4c35a9e/servers/detail ', '/1.1"" ', '200', '1893', '0.2607889']"
578,nova-api.log.2017-05-14_21:27:04,2017-05-14,19:43:28.883,25746,INFO,nova.osapi_compute.wsgi.server,req-356cc0d7-ec38-497e-ab0b-56411406dcfa 113d3a99c3da401fbd62cc2caa5b96d2 54fadb412c4e40cdbaed9335e4c35a9e - - -,"10.11.10.1 ""GET /v2/54fadb412c4e40cdbaed9335e4c35a9e/servers/detail HTTP/1.1"" status: 200 len: 1893 time: 0.2701161",0,<*> <*> <*>HTTP<*>status: <*> len: <*> time: <*>.<*>,"['10.11.10.1', '""GET /v2/54fadb412c4e40cdbaed9335e4c35a9e/servers/detail ', '/1.1"" ', '200', '1893', '0.2701161']"
579,nova-api.log.2017-05-14_21:27:04,2017-05-14,19:43:30.154,25746,INFO,nova.osapi_compute.wsgi.server,req-037c960f-c24d-4532-b57a-000c506ebed5 113d3a99c3da401fbd62cc2caa5b96d2 54fadb412c4e40cdbaed9335e4c35a9e - - -,"10.11.10.1 ""GET /v2/54fadb412c4e40cdbaed9335e4c35a9e/servers/detail HTTP/1.1"" status: 200 len: 1893 time: 0.2644539",0,<*> <*> <*>HTTP<*>status: <*> len: <*> time: <*>.<*>,"['10.11.10.1', '""GET /v2/54fadb412c4e40cdbaed9335e4c35a9e/servers/detail ', '/1.1"" ', '200', '1893', '0.2644539']"
580,nova-api.log.2017-05-14_21:27:04,2017-05-14,19:43:30.418,25746,INFO,nova.osapi_compute.wsgi.server,req-45dcf2b4-ad39-4deb-8cdd-995a89d6cf8a 113d3a99c3da401fbd62cc2caa5b96d2 54fadb412c4e40cdbaed9335e4c35a9e - - -,"10.11.10.1 ""GET /v2/54fadb412c4e40cdbaed9335e4c35a9e/servers/detail HTTP/1.1"" status: 200 len: 1893 time: 0.2596040",0,<*> <*> <*>HTTP<*>status: <*> len: <*> time: <*>.<*>,"['10.11.10.1', '""GET /v2/54fadb412c4e40cdbaed9335e4c35a9e/servers/detail ', '/1.1"" ', '200', '1893', '0.2596040']"
581,nova-compute.log.2017-05-14_21:27:09,2017-05-14,19:43:31.135,2931,INFO,nova.virt.libvirt.imagecache,req-addc1839-2ed5-4778-b57e-5854eb7b8b09 - - - - -,image 0673dd71-34c5-4fbb-86c4-40623fbe45b4 at (/var/lib/nova/instances/_base/a489c868f0c37da93b76227c91bb03908ac0e742): checking,5,image <*>dd<*>-<*>c<*>-<*>fbb-<*>c<*>-<*>fbe<*>b<*> at (<*>checking,"['0673', '71-34', '5-4', '86c4', '40623', '45b4', '/var/lib/nova/instances/_base/a489c868f0c37da93b76227c91bb03908ac0e742): ']"
582,nova-compute.log.2017-05-14_21:27:09,2017-05-14,19:43:31.136,2931,INFO,nova.virt.libvirt.imagecache,req-addc1839-2ed5-4778-b57e-5854eb7b8b09 - - - - -,"image 0673dd71-34c5-4fbb-86c4-40623fbe45b4 at (/var/lib/nova/instances/_base/a489c868f0c37da93b76227c91bb03908ac0e742): in use: on this node 1 local, 0 on other nodes sharing this instance storage",6,"image <*>dd<*>-<*>c<*>-<*>fbb-<*>c<*>-<*>fbe<*>b<*> at (<*>in use: on this node <*> local, <*> on other nodes sharing this instance storage","['0673', '71-34', '5-4', '86c4', '40623', '45b4', '/var/lib/nova/instances/_base/a489c868f0c37da93b76227c91bb03908ac0e742): ', '1', '0']"
583,nova-compute.log.2017-05-14_21:27:09,2017-05-14,19:43:31.323,2931,INFO,nova.virt.libvirt.imagecache,req-addc1839-2ed5-4778-b57e-5854eb7b8b09 - - - - -,Active base files: /var/lib/nova/instances/_base/a489c868f0c37da93b76227c91bb03908ac0e742,7,<*> base <*> /var/lib/nova/instances/_base/a<*>c<*>f<*>c<*>da<*>b<*>c<*>bb<*>ac<*>e<*>,"['Active', 'files:', '489c868', '0c37', '93b76227', '91', '03908', '0e742']"
584,nova-api.log.2017-05-14_21:27:04,2017-05-14,19:43:31.693,25746,INFO,nova.osapi_compute.wsgi.server,req-b395ff28-4e16-4392-8441-1a17c3759633 113d3a99c3da401fbd62cc2caa5b96d2 54fadb412c4e40cdbaed9335e4c35a9e - - -,"10.11.10.1 ""GET /v2/54fadb412c4e40cdbaed9335e4c35a9e/servers/detail HTTP/1.1"" status: 200 len: 1893 time: 0.2686510",0,<*> <*> <*>HTTP<*>status: <*> len: <*> time: <*>.<*>,"['10.11.10.1', '""GET /v2/54fadb412c4e40cdbaed9335e4c35a9e/servers/detail ', '/1.1"" ', '200', '1893', '0.2686510']"
585,nova-api.log.2017-05-14_21:27:04,2017-05-14,19:43:31.960,25746,INFO,nova.osapi_compute.wsgi.server,req-e5f844cc-903e-4f60-9333-57dad9da0127 113d3a99c3da401fbd62cc2caa5b96d2 54fadb412c4e40cdbaed9335e4c35a9e - - -,"10.11.10.1 ""GET /v2/54fadb412c4e40cdbaed9335e4c35a9e/servers/detail HTTP/1.1"" status: 200 len: 1893 time: 0.2629170",0,<*> <*> <*>HTTP<*>status: <*> len: <*> time: <*>.<*>,"['10.11.10.1', '""GET /v2/54fadb412c4e40cdbaed9335e4c35a9e/servers/detail ', '/1.1"" ', '200', '1893', '0.2629170']"
586,nova-api.log.2017-05-14_21:27:04,2017-05-14,19:43:32.835,25743,INFO,nova.api.openstack.compute.server_external_events,req-92f07fe6-c166-4c7c-8b15-734a9e36e1d8 f7b8d1f1d4d44643b07fa10ca7d021fb e9746973ac574c6b8a9e8857f56a7608 - - -,Creating event network-vif-plugged:937238ba-27e9-4e88-b0eb-2362d3a5f473 for instance 3475e6b6-0bc7-4218-84e2-e17ba43e6e0d,8,Creating event <*> for instance <*>,"['network-vif-plugged:937238ba-27e9-4e88-b0eb-2362d3a5f473', '3475e6b6-0bc7-4218-84e2-e17ba43e6e0d']"
587,nova-api.log.2017-05-14_21:27:04,2017-05-14,19:43:32.840,25743,INFO,nova.osapi_compute.wsgi.server,req-92f07fe6-c166-4c7c-8b15-734a9e36e1d8 f7b8d1f1d4d44643b07fa10ca7d021fb e9746973ac574c6b8a9e8857f56a7608 - - -,"10.11.10.1 ""POST /v2/e9746973ac574c6b8a9e8857f56a7608/os-server-external-events HTTP/1.1"" status: 200 len: 380 time: 0.0952849",0,<*> <*> <*>HTTP<*>status: <*> len: <*> time: <*>.<*>,"['10.11.10.1', '""POST /v2/e9746973ac574c6b8a9e8857f56a7608/os-server-external-events ', '/1.1"" ', '200', '380', '0.0952849']"
588,nova-compute.log.2017-05-14_21:27:09,2017-05-14,19:43:32.847,2931,INFO,nova.compute.manager,req-3ea4052c-895d-4b64-9e2d-04d64c4d94ab - - - - -,[instance: 3475e6b6-0bc7-4218-84e2-e17ba43e6e0d] VM Resumed (Lifecycle Event),2,<*> VM <*> (Lifecycle Event),"['[instance: 3475e6b6-0bc7-4218-84e2-e17ba43e6e0d]', 'Resumed']"
589,nova-compute.log.2017-05-14_21:27:09,2017-05-14,19:43:32.857,2931,INFO,nova.virt.libvirt.driver,-,[instance: 3475e6b6-0bc7-4218-84e2-e17ba43e6e0d] Instance spawned successfully.,9,<*> Instance <*> successfully.,"['[instance: 3475e6b6-0bc7-4218-84e2-e17ba43e6e0d]', 'spawned']"
590,nova-compute.log.2017-05-14_21:27:09,2017-05-14,19:43:32.858,2931,INFO,nova.compute.manager,req-fa26d365-e31a-44fe-b280-01051e9032df 113d3a99c3da401fbd62cc2caa5b96d2 54fadb412c4e40cdbaed9335e4c35a9e - - -,[instance: 3475e6b6-0bc7-4218-84e2-e17ba43e6e0d] Took 19.31 seconds to spawn the instance on the hypervisor.,10,<*> Took <*>.<*> seconds to <*> the instance on the hypervisor.,"['[instance: 3475e6b6-0bc7-4218-84e2-e17ba43e6e0d]', '19.31', 'spawn']"
591,nova-compute.log.2017-05-14_21:27:09,2017-05-14,19:43:32.994,2931,INFO,nova.compute.manager,req-3ea4052c-895d-4b64-9e2d-04d64c4d94ab - - - - -,[instance: 3475e6b6-0bc7-4218-84e2-e17ba43e6e0d] During sync_power_state the instance has a pending task (spawning). Skip.,4,<*> During sync_power_state the instance has a pending task (spawning). Skip.,['[instance: 3475e6b6-0bc7-4218-84e2-e17ba43e6e0d]']
592,nova-compute.log.2017-05-14_21:27:09,2017-05-14,19:43:32.996,2931,INFO,nova.compute.manager,req-3ea4052c-895d-4b64-9e2d-04d64c4d94ab - - - - -,[instance: 3475e6b6-0bc7-4218-84e2-e17ba43e6e0d] VM Resumed (Lifecycle Event),2,<*> VM <*> (Lifecycle Event),"['[instance: 3475e6b6-0bc7-4218-84e2-e17ba43e6e0d]', 'Resumed']"
593,nova-compute.log.2017-05-14_21:27:09,2017-05-14,19:43:33.018,2931,INFO,nova.compute.manager,req-fa26d365-e31a-44fe-b280-01051e9032df 113d3a99c3da401fbd62cc2caa5b96d2 54fadb412c4e40cdbaed9335e4c35a9e - - -,[instance: 3475e6b6-0bc7-4218-84e2-e17ba43e6e0d] Took 20.11 seconds to build instance.,11,<*> Took <*>.<*> seconds to build instance.,"['[instance: 3475e6b6-0bc7-4218-84e2-e17ba43e6e0d]', '20.11']"
594,nova-api.log.2017-05-14_21:27:04,2017-05-14,19:43:33.232,25746,INFO,nova.osapi_compute.wsgi.server,req-1ffc56c8-c4ab-4262-87c1-0346035b3a88 113d3a99c3da401fbd62cc2caa5b96d2 54fadb412c4e40cdbaed9335e4c35a9e - - -,"10.11.10.1 ""GET /v2/54fadb412c4e40cdbaed9335e4c35a9e/servers/detail HTTP/1.1"" status: 200 len: 1910 time: 0.2659550",0,<*> <*> <*>HTTP<*>status: <*> len: <*> time: <*>.<*>,"['10.11.10.1', '""GET /v2/54fadb412c4e40cdbaed9335e4c35a9e/servers/detail ', '/1.1"" ', '200', '1910', '0.2659550']"
595,nova-api.log.2017-05-14_21:27:04,2017-05-14,19:43:33.512,25746,INFO,nova.osapi_compute.wsgi.server,req-fdf9224c-44fd-40e3-9410-9ab877603719 113d3a99c3da401fbd62cc2caa5b96d2 54fadb412c4e40cdbaed9335e4c35a9e - - -,"10.11.10.1 ""GET /v2/54fadb412c4e40cdbaed9335e4c35a9e/servers/detail HTTP/1.1"" status: 200 len: 1910 time: 0.2748959",0,<*> <*> <*>HTTP<*>status: <*> len: <*> time: <*>.<*>,"['10.11.10.1', '""GET /v2/54fadb412c4e40cdbaed9335e4c35a9e/servers/detail ', '/1.1"" ', '200', '1910', '0.2748959']"
596,nova-compute.log.2017-05-14_21:27:09,2017-05-14,19:43:36.140,2931,INFO,nova.virt.libvirt.imagecache,req-addc1839-2ed5-4778-b57e-5854eb7b8b09 - - - - -,image 0673dd71-34c5-4fbb-86c4-40623fbe45b4 at (/var/lib/nova/instances/_base/a489c868f0c37da93b76227c91bb03908ac0e742): checking,5,image <*>dd<*>-<*>c<*>-<*>fbb-<*>c<*>-<*>fbe<*>b<*> at (<*>checking,"['0673', '71-34', '5-4', '86c4', '40623', '45b4', '/var/lib/nova/instances/_base/a489c868f0c37da93b76227c91bb03908ac0e742): ']"
597,nova-compute.log.2017-05-14_21:27:09,2017-05-14,19:43:36.141,2931,INFO,nova.virt.libvirt.imagecache,req-addc1839-2ed5-4778-b57e-5854eb7b8b09 - - - - -,"image 0673dd71-34c5-4fbb-86c4-40623fbe45b4 at (/var/lib/nova/instances/_base/a489c868f0c37da93b76227c91bb03908ac0e742): in use: on this node 1 local, 0 on other nodes sharing this instance storage",6,"image <*>dd<*>-<*>c<*>-<*>fbb-<*>c<*>-<*>fbe<*>b<*> at (<*>in use: on this node <*> local, <*> on other nodes sharing this instance storage","['0673', '71-34', '5-4', '86c4', '40623', '45b4', '/var/lib/nova/instances/_base/a489c868f0c37da93b76227c91bb03908ac0e742): ', '1', '0']"
598,nova-compute.log.2017-05-14_21:27:09,2017-05-14,19:43:36.322,2931,INFO,nova.virt.libvirt.imagecache,req-addc1839-2ed5-4778-b57e-5854eb7b8b09 - - - - -,Active base files: /var/lib/nova/instances/_base/a489c868f0c37da93b76227c91bb03908ac0e742,7,<*> base <*> /var/lib/nova/instances/_base/a<*>c<*>f<*>c<*>da<*>b<*>c<*>bb<*>ac<*>e<*>,"['Active', 'files:', '489c868', '0c37', '93b76227', '91', '03908', '0e742']"
599,nova-api.log.2017-05-14_21:27:04,2017-05-14,19:43:39.380,25778,INFO,nova.metadata.wsgi.server,req-17634184-988d-4c26-90d0-75fdca9eaca1 - - - - -,"10.11.11.231,10.11.10.1 ""GET /openstack/2012-08-10/meta_data.json HTTP/1.1"" status: 200 len: 264 time: 0.2152541",0,<*> <*> <*>HTTP<*>status: <*> len: <*> time: <*>.<*>,"['10.11.11.231,10.11.10.1', '""GET /openstack/2012-08-10/meta_data.json ', '/1.1"" ', '200', '264', '0.2152541']"
600,nova-api.log.2017-05-14_21:27:04,2017-05-14,19:43:39.632,25784,INFO,nova.metadata.wsgi.server,req-403f0d4c-1034-41fa-8f71-f36bca133837 - - - - -,"10.11.11.231,10.11.10.1 ""GET /openstack/2013-10-17 HTTP/1.1"" status: 200 len: 157 time: 0.2430260",0,<*> <*> <*>HTTP<*>status: <*> len: <*> time: <*>.<*>,"['10.11.11.231,10.11.10.1', '""GET /openstack/2013-10-17 ', '/1.1"" ', '200', '157', '0.2430260']"
601,nova-api.log.2017-05-14_21:27:04,2017-05-14,19:43:39.782,25746,INFO,nova.osapi_compute.wsgi.server,req-702d50d7-ecd3-4209-bcb1-c8b206e88db1 113d3a99c3da401fbd62cc2caa5b96d2 54fadb412c4e40cdbaed9335e4c35a9e - - -,"10.11.10.1 ""DELETE /v2/54fadb412c4e40cdbaed9335e4c35a9e/servers/3475e6b6-0bc7-4218-84e2-e17ba43e6e0d HTTP/1.1"" status: 204 len: 203 time: 0.2605770",0,<*> <*> <*>HTTP<*>status: <*> len: <*> time: <*>.<*>,"['10.11.10.1', '""DELETE /v2/54fadb412c4e40cdbaed9335e4c35a9e/servers/3475e6b6-0bc7-4218-84e2-e17ba43e6e0d ', '/1.1"" ', '204', '203', '0.2605770']"
602,nova-compute.log.2017-05-14_21:27:09,2017-05-14,19:43:39.824,2931,INFO,nova.compute.manager,req-702d50d7-ecd3-4209-bcb1-c8b206e88db1 113d3a99c3da401fbd62cc2caa5b96d2 54fadb412c4e40cdbaed9335e4c35a9e - - -,[instance: 3475e6b6-0bc7-4218-84e2-e17ba43e6e0d] Terminating instance,12,<*> Terminating instance,['[instance: 3475e6b6-0bc7-4218-84e2-e17ba43e6e0d]']
603,nova-compute.log.2017-05-14_21:27:09,2017-05-14,19:43:40.041,2931,INFO,nova.virt.libvirt.driver,-,[instance: 3475e6b6-0bc7-4218-84e2-e17ba43e6e0d] Instance destroyed successfully.,9,<*> Instance <*> successfully.,"['[instance: 3475e6b6-0bc7-4218-84e2-e17ba43e6e0d]', 'destroyed']"
604,nova-api.log.2017-05-14_21:27:04,2017-05-14,19:43:40.054,25777,INFO,nova.metadata.wsgi.server,req-cc889006-ea79-40c3-8583-8bb0a73fbdec - - - - -,"10.11.11.231,10.11.10.1 ""GET /openstack/2013-10-17/vendor_data.json HTTP/1.1"" status: 200 len: 124 time: 0.4083381",0,<*> <*> <*>HTTP<*>status: <*> len: <*> time: <*>.<*>,"['10.11.11.231,10.11.10.1', '""GET /openstack/2013-10-17/vendor_data.json ', '/1.1"" ', '200', '124', '0.4083381']"
605,nova-api.log.2017-05-14_21:27:04,2017-05-14,19:43:40.058,25746,INFO,nova.osapi_compute.wsgi.server,req-7c6b5e79-48ec-4e59-97f4-72193d03f979 113d3a99c3da401fbd62cc2caa5b96d2 54fadb412c4e40cdbaed9335e4c35a9e - - -,"10.11.10.1 ""GET /v2/54fadb412c4e40cdbaed9335e4c35a9e/servers/detail HTTP/1.1"" status: 200 len: 1916 time: 0.2721751",0,<*> <*> <*>HTTP<*>status: <*> len: <*> time: <*>.<*>,"['10.11.10.1', '""GET /v2/54fadb412c4e40cdbaed9335e4c35a9e/servers/detail ', '/1.1"" ', '200', '1916', '0.2721751']"
606,nova-compute.log.2017-05-14_21:27:09,2017-05-14,19:43:40.732,2931,INFO,nova.virt.libvirt.driver,req-702d50d7-ecd3-4209-bcb1-c8b206e88db1 113d3a99c3da401fbd62cc2caa5b96d2 54fadb412c4e40cdbaed9335e4c35a9e - - -,[instance: 3475e6b6-0bc7-4218-84e2-e17ba43e6e0d] Deleting instance files /var/lib/nova/instances/3475e6b6-0bc7-4218-84e2-e17ba43e6e0d_del,13,<*> Deleting instance files <*>,"['[instance: 3475e6b6-0bc7-4218-84e2-e17ba43e6e0d]', '/var/lib/nova/instances/3475e6b6-0bc7-4218-84e2-e17ba43e6e0d_del']"
607,nova-compute.log.2017-05-14_21:27:09,2017-05-14,19:43:40.734,2931,INFO,nova.virt.libvirt.driver,req-702d50d7-ecd3-4209-bcb1-c8b206e88db1 113d3a99c3da401fbd62cc2caa5b96d2 54fadb412c4e40cdbaed9335e4c35a9e - - -,[instance: 3475e6b6-0bc7-4218-84e2-e17ba43e6e0d] Deletion of /var/lib/nova/instances/3475e6b6-0bc7-4218-84e2-e17ba43e6e0d_del complete,14,<*> Deletion of <*>complete,"['[instance: 3475e6b6-0bc7-4218-84e2-e17ba43e6e0d]', '/var/lib/nova/instances/3475e6b6-0bc7-4218-84e2-e17ba43e6e0d_del ']"
608,nova-compute.log.2017-05-14_21:27:09,2017-05-14,19:43:40.852,2931,INFO,nova.compute.manager,req-702d50d7-ecd3-4209-bcb1-c8b206e88db1 113d3a99c3da401fbd62cc2caa5b96d2 54fadb412c4e40cdbaed9335e4c35a9e - - -,[instance: 3475e6b6-0bc7-4218-84e2-e17ba43e6e0d] Took 1.02 seconds to destroy the instance on the hypervisor.,10,<*> Took <*>.<*> seconds to <*> the instance on the hypervisor.,"['[instance: 3475e6b6-0bc7-4218-84e2-e17ba43e6e0d]', '1.02', 'destroy']"
609,nova-api.log.2017-05-14_21:27:04,2017-05-14,19:43:41.351,25746,INFO,nova.osapi_compute.wsgi.server,req-ddeba503-732a-44f2-89ac-5047dbe6bb59 113d3a99c3da401fbd62cc2caa5b96d2 54fadb412c4e40cdbaed9335e4c35a9e - - -,"10.11.10.1 ""GET /v2/54fadb412c4e40cdbaed9335e4c35a9e/servers/detail HTTP/1.1"" status: 200 len: 1916 time: 0.2889929",0,<*> <*> <*>HTTP<*>status: <*> len: <*> time: <*>.<*>,"['10.11.10.1', '""GET /v2/54fadb412c4e40cdbaed9335e4c35a9e/servers/detail ', '/1.1"" ', '200', '1916', '0.2889929']"
610,nova-compute.log.2017-05-14_21:27:09,2017-05-14,19:43:41.397,2931,INFO,nova.virt.libvirt.imagecache,req-addc1839-2ed5-4778-b57e-5854eb7b8b09 - - - - -,image 0673dd71-34c5-4fbb-86c4-40623fbe45b4 at (/var/lib/nova/instances/_base/a489c868f0c37da93b76227c91bb03908ac0e742): checking,5,image <*>dd<*>-<*>c<*>-<*>fbb-<*>c<*>-<*>fbe<*>b<*> at (<*>checking,"['0673', '71-34', '5-4', '86c4', '40623', '45b4', '/var/lib/nova/instances/_base/a489c868f0c37da93b76227c91bb03908ac0e742): ']"
611,nova-compute.log.2017-05-14_21:27:09,2017-05-14,19:43:41.398,2931,INFO,nova.virt.libvirt.imagecache,req-addc1839-2ed5-4778-b57e-5854eb7b8b09 - - - - -,"image 0673dd71-34c5-4fbb-86c4-40623fbe45b4 at (/var/lib/nova/instances/_base/a489c868f0c37da93b76227c91bb03908ac0e742): in use: on this node 1 local, 0 on other nodes sharing this instance storage",6,"image <*>dd<*>-<*>c<*>-<*>fbb-<*>c<*>-<*>fbe<*>b<*> at (<*>in use: on this node <*> local, <*> on other nodes sharing this instance storage","['0673', '71-34', '5-4', '86c4', '40623', '45b4', '/var/lib/nova/instances/_base/a489c868f0c37da93b76227c91bb03908ac0e742): ', '1', '0']"
612,nova-compute.log.2017-05-14_21:27:09,2017-05-14,19:43:41.457,2931,INFO,nova.compute.manager,req-702d50d7-ecd3-4209-bcb1-c8b206e88db1 113d3a99c3da401fbd62cc2caa5b96d2 54fadb412c4e40cdbaed9335e4c35a9e - - -,[instance: 3475e6b6-0bc7-4218-84e2-e17ba43e6e0d] Took 0.60 seconds to deallocate network for instance.,15,<*> Took <*>.<*> seconds to deallocate network for instance.,"['[instance: 3475e6b6-0bc7-4218-84e2-e17ba43e6e0d]', '0.60']"
613,nova-compute.log.2017-05-14_21:27:09,2017-05-14,19:43:41.506,2931,INFO,nova.virt.libvirt.imagecache,req-addc1839-2ed5-4778-b57e-5854eb7b8b09 - - - - -,Active base files: /var/lib/nova/instances/_base/a489c868f0c37da93b76227c91bb03908ac0e742,7,<*> base <*> /var/lib/nova/instances/_base/a<*>c<*>f<*>c<*>da<*>b<*>c<*>bb<*>ac<*>e<*>,"['Active', 'files:', '489c868', '0c37', '93b76227', '91', '03908', '0e742']"
614,nova-api.log.2017-05-14_21:27:04,2017-05-14,19:43:42.457,25746,INFO,nova.osapi_compute.wsgi.server,req-2e02254a-6240-4622-9804-6e87b9ef3770 113d3a99c3da401fbd62cc2caa5b96d2 54fadb412c4e40cdbaed9335e4c35a9e - - -,"10.11.10.1 ""GET /v2/54fadb412c4e40cdbaed9335e4c35a9e/servers/detail HTTP/1.1"" status: 200 len: 211 time: 0.0995512",0,<*> <*> <*>HTTP<*>status: <*> len: <*> time: <*>.<*>,"['10.11.10.1', '""GET /v2/54fadb412c4e40cdbaed9335e4c35a9e/servers/detail ', '/1.1"" ', '200', '211', '0.0995512']"
615,nova-api.log.2017-05-14_21:27:04,2017-05-14,19:43:43.471,25746,INFO,nova.api.openstack.wsgi,req-b1dd6c7e-f347-46e3-8fcc-05541d296781 f7b8d1f1d4d44643b07fa10ca7d021fb e9746973ac574c6b8a9e8857f56a7608 - - -,HTTP exception thrown: No instances found for any event,16,HTTP exception thrown: No instances found for any event,[]
616,nova-api.log.2017-05-14_21:27:04,2017-05-14,19:43:43.472,25746,INFO,nova.osapi_compute.wsgi.server,req-b1dd6c7e-f347-46e3-8fcc-05541d296781 f7b8d1f1d4d44643b07fa10ca7d021fb e9746973ac574c6b8a9e8857f56a7608 - - -,"10.11.10.1 ""POST /v2/e9746973ac574c6b8a9e8857f56a7608/os-server-external-events HTTP/1.1"" status: 404 len: 296 time: 0.0977499",0,<*> <*> <*>HTTP<*>status: <*> len: <*> time: <*>.<*>,"['10.11.10.1', '""POST /v2/e9746973ac574c6b8a9e8857f56a7608/os-server-external-events ', '/1.1"" ', '404', '296', '0.0977499']"
617,nova-compute.log.2017-05-14_21:27:09,2017-05-14,19:43:46.535,2931,WARNING,nova.virt.libvirt.imagecache,req-addc1839-2ed5-4778-b57e-5854eb7b8b09 - - - - -,Unknown base file: /var/lib/nova/instances/_base/a489c868f0c37da93b76227c91bb03908ac0e742,7,<*> base <*> /var/lib/nova/instances/_base/a<*>c<*>f<*>c<*>da<*>b<*>c<*>bb<*>ac<*>e<*>,"['Unknown', 'file:', '489c868', '0c37', '93b76227', '91', '03908', '0e742']"
618,nova-compute.log.2017-05-14_21:27:09,2017-05-14,19:43:46.536,2931,INFO,nova.virt.libvirt.imagecache,req-addc1839-2ed5-4778-b57e-5854eb7b8b09 - - - - -,Removable base files: /var/lib/nova/instances/_base/a489c868f0c37da93b76227c91bb03908ac0e742,7,<*> base <*> /var/lib/nova/instances/_base/a<*>c<*>f<*>c<*>da<*>b<*>c<*>bb<*>ac<*>e<*>,"['Removable', 'files:', '489c868', '0c37', '93b76227', '91', '03908', '0e742']"
619,nova-compute.log.2017-05-14_21:27:09,2017-05-14,19:43:46.537,2931,INFO,nova.virt.libvirt.imagecache,req-addc1839-2ed5-4778-b57e-5854eb7b8b09 - - - - -,Removing base or swap file: /var/lib/nova/instances/_base/a489c868f0c37da93b76227c91bb03908ac0e742,17,Removing base or swap file: /var/lib/nova/instances/_base/a<*>c<*>f<*>c<*>da<*>b<*>c<*>bb<*>ac<*>e<*>,"['489c868', '0c37', '93b76227', '91', '03908', '0e742']"
620,nova-api.log.2017-05-14_21:27:04,2017-05-14,19:43:52.969,25746,INFO,nova.osapi_compute.wsgi.server,req-cf173c18-5e97-4166-a036-107141bf6b2f 113d3a99c3da401fbd62cc2caa5b96d2 54fadb412c4e40cdbaed9335e4c35a9e - - -,"10.11.10.1 ""POST /v2/54fadb412c4e40cdbaed9335e4c35a9e/servers HTTP/1.1"" status: 202 len: 733 time: 0.5018799",0,<*> <*> <*>HTTP<*>status: <*> len: <*> time: <*>.<*>,"['10.11.10.1', '""POST /v2/54fadb412c4e40cdbaed9335e4c35a9e/servers ', '/1.1"" ', '202', '733', '0.5018799']"
621,nova-api.log.2017-05-14_21:27:04,2017-05-14,19:43:53.151,25746,INFO,nova.osapi_compute.wsgi.server,req-09cec42a-f759-467f-b9bb-54d3bd0edaa1 113d3a99c3da401fbd62cc2caa5b96d2 54fadb412c4e40cdbaed9335e4c35a9e - - -,"10.11.10.1 ""GET /v2/54fadb412c4e40cdbaed9335e4c35a9e/servers/detail HTTP/1.1"" status: 200 len: 1583 time: 0.1771421",0,<*> <*> <*>HTTP<*>status: <*> len: <*> time: <*>.<*>,"['10.11.10.1', '""GET /v2/54fadb412c4e40cdbaed9335e4c35a9e/servers/detail ', '/1.1"" ', '200', '1583', '0.1771421']"
622,nova-compute.log.2017-05-14_21:27:09,2017-05-14,19:43:53.271,2931,INFO,nova.compute.claims,req-cf173c18-5e97-4166-a036-107141bf6b2f 113d3a99c3da401fbd62cc2caa5b96d2 54fadb412c4e40cdbaed9335e4c35a9e - - -,"[instance: 2e8c8c4a-823f-4d79-bb72-996b528cbca4] Attempting claim: memory 2048 MB, disk 20 GB, vcpus 1 CPU",18,"<*> Attempting claim: memory <*> MB, disk <*> GB, vcpus <*> CPU","['[instance: 2e8c8c4a-823f-4d79-bb72-996b528cbca4]', '2048', '20', '1']"
623,nova-compute.log.2017-05-14_21:27:09,2017-05-14,19:43:53.272,2931,INFO,nova.compute.claims,req-cf173c18-5e97-4166-a036-107141bf6b2f 113d3a99c3da401fbd62cc2caa5b96d2 54fadb412c4e40cdbaed9335e4c35a9e - - -,"[instance: 2e8c8c4a-823f-4d79-bb72-996b528cbca4] Total memory: 64172 MB, used: 512.00 MB",19,"<*> <*> <*> <*> MB, <*> <*>.<*> MB","['[instance:', '2e8c8c4a-823f-4d79-bb72-996b528cbca4] Total memory: 64172', 'used: 512', '00']"
624,nova-compute.log.2017-05-14_21:27:09,2017-05-14,19:43:53.273,2931,INFO,nova.compute.claims,req-cf173c18-5e97-4166-a036-107141bf6b2f 113d3a99c3da401fbd62cc2caa5b96d2 54fadb412c4e40cdbaed9335e4c35a9e - - -,"[instance: 2e8c8c4a-823f-4d79-bb72-996b528cbca4] memory limit: 96258.00 MB, free: 95746.00 MB",19,"<*> <*> <*> <*> MB, <*> <*>.<*> MB","['[instance:', '2e8c8c4a-823f-4d79-bb72-996b528cbca4] memory limit: 96258.00', 'free: 95746', '00']"
625,nova-compute.log.2017-05-14_21:27:09,2017-05-14,19:43:53.273,2931,INFO,nova.compute.claims,req-cf173c18-5e97-4166-a036-107141bf6b2f 113d3a99c3da401fbd62cc2caa5b96d2 54fadb412c4e40cdbaed9335e4c35a9e - - -,"[instance: 2e8c8c4a-823f-4d79-bb72-996b528cbca4] Total disk: 15 GB, used: 0.00 GB",20,<*> Total <*> <*> <*> used: <*>.<*> <*>,"['[instance: 2e8c8c4a-823f-4d79-bb72-996b528cbca4]', 'disk:', '15 GB,', '0.00', 'GB']"
626,nova-compute.log.2017-05-14_21:27:09,2017-05-14,19:43:53.274,2931,INFO,nova.compute.claims,req-cf173c18-5e97-4166-a036-107141bf6b2f 113d3a99c3da401fbd62cc2caa5b96d2 54fadb412c4e40cdbaed9335e4c35a9e - - -,"[instance: 2e8c8c4a-823f-4d79-bb72-996b528cbca4] disk limit not specified, defaulting to unlimited",21,"<*> <*> limit not specified, defaulting to unlimited",['[instance: 2e8c8c4a-823f-4d79-bb72-996b528cbca4] disk']
627,nova-compute.log.2017-05-14_21:27:09,2017-05-14,19:43:53.274,2931,INFO,nova.compute.claims,req-cf173c18-5e97-4166-a036-107141bf6b2f 113d3a99c3da401fbd62cc2caa5b96d2 54fadb412c4e40cdbaed9335e4c35a9e - - -,"[instance: 2e8c8c4a-823f-4d79-bb72-996b528cbca4] Total vcpu: 16 VCPU, used: 0.00 VCPU",20,<*> Total <*> <*> <*> used: <*>.<*> <*>,"['[instance: 2e8c8c4a-823f-4d79-bb72-996b528cbca4]', 'vcpu:', '16 VCPU,', '0.00', 'VCPU']"
628,nova-compute.log.2017-05-14_21:27:09,2017-05-14,19:43:53.275,2931,INFO,nova.compute.claims,req-cf173c18-5e97-4166-a036-107141bf6b2f 113d3a99c3da401fbd62cc2caa5b96d2 54fadb412c4e40cdbaed9335e4c35a9e - - -,"[instance: 2e8c8c4a-823f-4d79-bb72-996b528cbca4] vcpu limit not specified, defaulting to unlimited",21,"<*> <*> limit not specified, defaulting to unlimited",['[instance: 2e8c8c4a-823f-4d79-bb72-996b528cbca4] vcpu']
629,nova-compute.log.2017-05-14_21:27:09,2017-05-14,19:43:53.305,2931,INFO,nova.compute.claims,req-cf173c18-5e97-4166-a036-107141bf6b2f 113d3a99c3da401fbd62cc2caa5b96d2 54fadb412c4e40cdbaed9335e4c35a9e - - -,[instance: 2e8c8c4a-823f-4d79-bb72-996b528cbca4] Claim successful,22,<*> Claim successful,['[instance: 2e8c8c4a-823f-4d79-bb72-996b528cbca4]']
630,nova-api.log.2017-05-14_21:27:04,2017-05-14,19:43:53.350,25746,INFO,nova.osapi_compute.wsgi.server,req-a596b8bf-9d22-4624-b580-a3ac01a7ea24 113d3a99c3da401fbd62cc2caa5b96d2 54fadb412c4e40cdbaed9335e4c35a9e - - -,"10.11.10.1 ""GET /v2/54fadb412c4e40cdbaed9335e4c35a9e/servers/detail HTTP/1.1"" status: 200 len: 1583 time: 0.1954172",0,<*> <*> <*>HTTP<*>status: <*> len: <*> time: <*>.<*>,"['10.11.10.1', '""GET /v2/54fadb412c4e40cdbaed9335e4c35a9e/servers/detail ', '/1.1"" ', '200', '1583', '0.1954172']"
631,nova-api.log.2017-05-14_21:27:04,2017-05-14,19:43:53.561,25746,INFO,nova.osapi_compute.wsgi.server,req-40571004-97e7-433f-b8ca-d6c19b1599c1 113d3a99c3da401fbd62cc2caa5b96d2 54fadb412c4e40cdbaed9335e4c35a9e - - -,"10.11.10.1 ""GET /v2/54fadb412c4e40cdbaed9335e4c35a9e/servers/2e8c8c4a-823f-4d79-bb72-996b528cbca4 HTTP/1.1"" status: 200 len: 1708 time: 0.2071259",0,<*> <*> <*>HTTP<*>status: <*> len: <*> time: <*>.<*>,"['10.11.10.1', '""GET /v2/54fadb412c4e40cdbaed9335e4c35a9e/servers/2e8c8c4a-823f-4d79-bb72-996b528cbca4 ', '/1.1"" ', '200', '1708', '0.2071259']"
632,nova-compute.log.2017-05-14_21:27:09,2017-05-14,19:43:53.922,2931,INFO,nova.virt.libvirt.driver,req-cf173c18-5e97-4166-a036-107141bf6b2f 113d3a99c3da401fbd62cc2caa5b96d2 54fadb412c4e40cdbaed9335e4c35a9e - - -,[instance: 2e8c8c4a-823f-4d79-bb72-996b528cbca4] Creating image,1,<*> Creating image,['[instance: 2e8c8c4a-823f-4d79-bb72-996b528cbca4]']
633,nova-api.log.2017-05-14_21:27:04,2017-05-14,19:43:54.843,25746,INFO,nova.osapi_compute.wsgi.server,req-ba597352-5cfc-4283-a97e-e7128340c202 113d3a99c3da401fbd62cc2caa5b96d2 54fadb412c4e40cdbaed9335e4c35a9e - - -,"10.11.10.1 ""GET /v2/54fadb412c4e40cdbaed9335e4c35a9e/servers/detail HTTP/1.1"" status: 200 len: 1759 time: 0.2765191",0,<*> <*> <*>HTTP<*>status: <*> len: <*> time: <*>.<*>,"['10.11.10.1', '""GET /v2/54fadb412c4e40cdbaed9335e4c35a9e/servers/detail ', '/1.1"" ', '200', '1759', '0.2765191']"
634,nova-api.log.2017-05-14_21:27:04,2017-05-14,19:43:55.116,25746,INFO,nova.osapi_compute.wsgi.server,req-06747642-26bd-4bcd-9f50-1bc9ff42150f 113d3a99c3da401fbd62cc2caa5b96d2 54fadb412c4e40cdbaed9335e4c35a9e - - -,"10.11.10.1 ""GET /v2/54fadb412c4e40cdbaed9335e4c35a9e/servers/detail HTTP/1.1"" status: 200 len: 1759 time: 0.2698650",0,<*> <*> <*>HTTP<*>status: <*> len: <*> time: <*>.<*>,"['10.11.10.1', '""GET /v2/54fadb412c4e40cdbaed9335e4c35a9e/servers/detail ', '/1.1"" ', '200', '1759', '0.2698650']"
635,nova-compute.log.2017-05-14_21:27:09,2017-05-14,19:43:55.155,2931,INFO,nova.compute.manager,-,[instance: 3475e6b6-0bc7-4218-84e2-e17ba43e6e0d] VM Stopped (Lifecycle Event),2,<*> VM <*> (Lifecycle Event),"['[instance: 3475e6b6-0bc7-4218-84e2-e17ba43e6e0d]', 'Stopped']"
636,nova-compute.log.2017-05-14_21:27:09,2017-05-14,19:43:55.224,2931,INFO,nova.compute.resource_tracker,req-addc1839-2ed5-4778-b57e-5854eb7b8b09 - - - - -,Auditing locally available compute resources for node cp-1.slowvm1.tcloud-pg0.utah.cloudlab.us,23,Auditing locally available compute resources for node cp-<*>.slowvm<*>.tcloud-pg<*>.utah.cloudlab.us,"['1', '1', '0']"
637,nova-compute.log.2017-05-14_21:27:09,2017-05-14,19:43:55.557,2931,INFO,nova.compute.resource_tracker,req-addc1839-2ed5-4778-b57e-5854eb7b8b09 - - - - -,"Total usable vcpus: 16, total allocated vcpus: 1",24,"Total usable vcpus: <*>, total allocated vcpus: <*>","['16', '1']"
638,nova-compute.log.2017-05-14_21:27:09,2017-05-14,19:43:55.558,2931,INFO,nova.compute.resource_tracker,req-addc1839-2ed5-4778-b57e-5854eb7b8b09 - - - - -,Final resource view: name=cp-1.slowvm1.tcloud-pg0.utah.cloudlab.us phys_ram=64172MB used_ram=2560MB phys_disk=15GB used_disk=20GB total_vcpus=16 used_vcpus=1 pci_stats=[],25,Final resource view: name=cp-<*>.slowvm<*>.tcloud-pg<*>.utah.cloudlab.us phys_ram=<*>MB used_ram=<*>MB phys_disk=<*>GB used_disk=<*>GB total_vcpus=<*> used_vcpus=<*> pci_stats=<*>,"['1', '1', '0', '64172', '2560', '15', '20', '16', '1', '[]']"
639,nova-compute.log.2017-05-14_21:27:09,2017-05-14,19:43:55.613,2931,INFO,nova.compute.resource_tracker,req-addc1839-2ed5-4778-b57e-5854eb7b8b09 - - - - -,Compute_service record updated for cp-1.slowvm1.tcloud-pg0.utah.cloudlab.us:cp-1.slowvm1.tcloud-pg0.utah.cloudlab.us,26,Compute_service record updated for cp-<*>.slowvm<*>.tcloud-pg<*>.utah.cloudlab.us:cp-<*>.slowvm<*>.tcloud-pg<*>.utah.cloudlab.us,"['1', '1', '0', '1', '1', '0']"
640,nova-api.log.2017-05-14_21:27:04,2017-05-14,19:43:56.393,25746,INFO,nova.osapi_compute.wsgi.server,req-2224a301-f4f7-4d02-80ba-6b04d8c72568 113d3a99c3da401fbd62cc2caa5b96d2 54fadb412c4e40cdbaed9335e4c35a9e - - -,"10.11.10.1 ""GET /v2/54fadb412c4e40cdbaed9335e4c35a9e/servers/detail HTTP/1.1"" status: 200 len: 1893 time: 0.2705710",0,<*> <*> <*>HTTP<*>status: <*> len: <*> time: <*>.<*>,"['10.11.10.1', '""GET /v2/54fadb412c4e40cdbaed9335e4c35a9e/servers/detail ', '/1.1"" ', '200', '1893', '0.2705710']"
641,nova-api.log.2017-05-14_21:27:04,2017-05-14,19:43:56.651,25746,INFO,nova.osapi_compute.wsgi.server,req-847eb600-776e-4b05-bf02-001041b21a61 113d3a99c3da401fbd62cc2caa5b96d2 54fadb412c4e40cdbaed9335e4c35a9e - - -,"10.11.10.1 ""GET /v2/54fadb412c4e40cdbaed9335e4c35a9e/servers/detail HTTP/1.1"" status: 200 len: 1893 time: 0.2536459",0,<*> <*> <*>HTTP<*>status: <*> len: <*> time: <*>.<*>,"['10.11.10.1', '""GET /v2/54fadb412c4e40cdbaed9335e4c35a9e/servers/detail ', '/1.1"" ', '200', '1893', '0.2536459']"
642,nova-api.log.2017-05-14_21:27:04,2017-05-14,19:43:57.918,25746,INFO,nova.osapi_compute.wsgi.server,req-043353f7-75a8-49c4-a839-435c3591a146 113d3a99c3da401fbd62cc2caa5b96d2 54fadb412c4e40cdbaed9335e4c35a9e - - -,"10.11.10.1 ""GET /v2/54fadb412c4e40cdbaed9335e4c35a9e/servers/detail HTTP/1.1"" status: 200 len: 1893 time: 0.2606111",0,<*> <*> <*>HTTP<*>status: <*> len: <*> time: <*>.<*>,"['10.11.10.1', '""GET /v2/54fadb412c4e40cdbaed9335e4c35a9e/servers/detail ', '/1.1"" ', '200', '1893', '0.2606111']"
643,nova-api.log.2017-05-14_21:27:04,2017-05-14,19:43:58.185,25746,INFO,nova.osapi_compute.wsgi.server,req-56879633-dfb2-41c8-bc14-be65f203e3d2 113d3a99c3da401fbd62cc2caa5b96d2 54fadb412c4e40cdbaed9335e4c35a9e - - -,"10.11.10.1 ""GET /v2/54fadb412c4e40cdbaed9335e4c35a9e/servers/detail HTTP/1.1"" status: 200 len: 1893 time: 0.2638810",0,<*> <*> <*>HTTP<*>status: <*> len: <*> time: <*>.<*>,"['10.11.10.1', '""GET /v2/54fadb412c4e40cdbaed9335e4c35a9e/servers/detail ', '/1.1"" ', '200', '1893', '0.2638810']"
644,nova-api.log.2017-05-14_21:27:04,2017-05-14,19:43:59.477,25746,INFO,nova.osapi_compute.wsgi.server,req-1ec4d4e3-1263-4d8a-9039-57c697430ebe 113d3a99c3da401fbd62cc2caa5b96d2 54fadb412c4e40cdbaed9335e4c35a9e - - -,"10.11.10.1 ""GET /v2/54fadb412c4e40cdbaed9335e4c35a9e/servers/detail HTTP/1.1"" status: 200 len: 1893 time: 0.2861929",0,<*> <*> <*>HTTP<*>status: <*> len: <*> time: <*>.<*>,"['10.11.10.1', '""GET /v2/54fadb412c4e40cdbaed9335e4c35a9e/servers/detail ', '/1.1"" ', '200', '1893', '0.2861929']"
645,nova-api.log.2017-05-14_21:27:04,2017-05-14,19:43:59.737,25746,INFO,nova.osapi_compute.wsgi.server,req-ec554f99-5c57-41c8-8134-5696064d53b4 113d3a99c3da401fbd62cc2caa5b96d2 54fadb412c4e40cdbaed9335e4c35a9e - - -,"10.11.10.1 ""GET /v2/54fadb412c4e40cdbaed9335e4c35a9e/servers/detail HTTP/1.1"" status: 200 len: 1893 time: 0.2555439",0,<*> <*> <*>HTTP<*>status: <*> len: <*> time: <*>.<*>,"['10.11.10.1', '""GET /v2/54fadb412c4e40cdbaed9335e4c35a9e/servers/detail ', '/1.1"" ', '200', '1893', '0.2555439']"
646,nova-api.log.2017-05-14_21:27:04,2017-05-14,19:44:01.009,25746,INFO,nova.osapi_compute.wsgi.server,req-c71bec7a-5538-4447-9c0f-096e4cdd9ce5 113d3a99c3da401fbd62cc2caa5b96d2 54fadb412c4e40cdbaed9335e4c35a9e - - -,"10.11.10.1 ""GET /v2/54fadb412c4e40cdbaed9335e4c35a9e/servers/detail HTTP/1.1"" status: 200 len: 1893 time: 0.2669508",0,<*> <*> <*>HTTP<*>status: <*> len: <*> time: <*>.<*>,"['10.11.10.1', '""GET /v2/54fadb412c4e40cdbaed9335e4c35a9e/servers/detail ', '/1.1"" ', '200', '1893', '0.2669508']"
647,nova-api.log.2017-05-14_21:27:04,2017-05-14,19:44:01.277,25746,INFO,nova.osapi_compute.wsgi.server,req-7990a1b1-254b-4bc0-8141-e28e38e7d7ce 113d3a99c3da401fbd62cc2caa5b96d2 54fadb412c4e40cdbaed9335e4c35a9e - - -,"10.11.10.1 ""GET /v2/54fadb412c4e40cdbaed9335e4c35a9e/servers/detail HTTP/1.1"" status: 200 len: 1893 time: 0.2635388",0,<*> <*> <*>HTTP<*>status: <*> len: <*> time: <*>.<*>,"['10.11.10.1', '""GET /v2/54fadb412c4e40cdbaed9335e4c35a9e/servers/detail ', '/1.1"" ', '200', '1893', '0.2635388']"
648,nova-api.log.2017-05-14_21:27:04,2017-05-14,19:44:02.555,25746,INFO,nova.osapi_compute.wsgi.server,req-507de8a5-94ed-48c5-92f8-594cc8e52784 113d3a99c3da401fbd62cc2caa5b96d2 54fadb412c4e40cdbaed9335e4c35a9e - - -,"10.11.10.1 ""GET /v2/54fadb412c4e40cdbaed9335e4c35a9e/servers/detail HTTP/1.1"" status: 200 len: 1893 time: 0.2720890",0,<*> <*> <*>HTTP<*>status: <*> len: <*> time: <*>.<*>,"['10.11.10.1', '""GET /v2/54fadb412c4e40cdbaed9335e4c35a9e/servers/detail ', '/1.1"" ', '200', '1893', '0.2720890']"
649,nova-api.log.2017-05-14_21:27:04,2017-05-14,19:44:02.824,25746,INFO,nova.osapi_compute.wsgi.server,req-fbd2e898-6693-43e2-a96f-b765a468e82d 113d3a99c3da401fbd62cc2caa5b96d2 54fadb412c4e40cdbaed9335e4c35a9e - - -,"10.11.10.1 ""GET /v2/54fadb412c4e40cdbaed9335e4c35a9e/servers/detail HTTP/1.1"" status: 200 len: 1893 time: 0.2639802",0,<*> <*> <*>HTTP<*>status: <*> len: <*> time: <*>.<*>,"['10.11.10.1', '""GET /v2/54fadb412c4e40cdbaed9335e4c35a9e/servers/detail ', '/1.1"" ', '200', '1893', '0.2639802']"
650,nova-api.log.2017-05-14_21:27:04,2017-05-14,19:44:04.193,25746,INFO,nova.osapi_compute.wsgi.server,req-0db76b03-8c95-426c-af1c-74aa98e0fa68 113d3a99c3da401fbd62cc2caa5b96d2 54fadb412c4e40cdbaed9335e4c35a9e - - -,"10.11.10.1 ""GET /v2/54fadb412c4e40cdbaed9335e4c35a9e/servers/detail HTTP/1.1"" status: 200 len: 1893 time: 0.3640079",0,<*> <*> <*>HTTP<*>status: <*> len: <*> time: <*>.<*>,"['10.11.10.1', '""GET /v2/54fadb412c4e40cdbaed9335e4c35a9e/servers/detail ', '/1.1"" ', '200', '1893', '0.3640079']"
651,nova-api.log.2017-05-14_21:27:04,2017-05-14,19:44:04.445,25746,INFO,nova.osapi_compute.wsgi.server,req-17ca9dff-180f-4bde-aa15-e8cf27dec053 113d3a99c3da401fbd62cc2caa5b96d2 54fadb412c4e40cdbaed9335e4c35a9e - - -,"10.11.10.1 ""GET /v2/54fadb412c4e40cdbaed9335e4c35a9e/servers/detail HTTP/1.1"" status: 200 len: 1893 time: 0.2469449",0,<*> <*> <*>HTTP<*>status: <*> len: <*> time: <*>.<*>,"['10.11.10.1', '""GET /v2/54fadb412c4e40cdbaed9335e4c35a9e/servers/detail ', '/1.1"" ', '200', '1893', '0.2469449']"
652,nova-api.log.2017-05-14_21:27:04,2017-05-14,19:44:05.706,25746,INFO,nova.osapi_compute.wsgi.server,req-0c05d2cb-397a-4b47-93de-15899a2c9fd8 113d3a99c3da401fbd62cc2caa5b96d2 54fadb412c4e40cdbaed9335e4c35a9e - - -,"10.11.10.1 ""GET /v2/54fadb412c4e40cdbaed9335e4c35a9e/servers/detail HTTP/1.1"" status: 200 len: 1893 time: 0.2558858",0,<*> <*> <*>HTTP<*>status: <*> len: <*> time: <*>.<*>,"['10.11.10.1', '""GET /v2/54fadb412c4e40cdbaed9335e4c35a9e/servers/detail ', '/1.1"" ', '200', '1893', '0.2558858']"
653,nova-compute.log.2017-05-14_21:27:09,2017-05-14,19:44:05.773,2931,INFO,nova.virt.libvirt.imagecache,req-addc1839-2ed5-4778-b57e-5854eb7b8b09 - - - - -,image 0673dd71-34c5-4fbb-86c4-40623fbe45b4 at (/var/lib/nova/instances/_base/a489c868f0c37da93b76227c91bb03908ac0e742): checking,5,image <*>dd<*>-<*>c<*>-<*>fbb-<*>c<*>-<*>fbe<*>b<*> at (<*>checking,"['0673', '71-34', '5-4', '86c4', '40623', '45b4', '/var/lib/nova/instances/_base/a489c868f0c37da93b76227c91bb03908ac0e742): ']"
654,nova-compute.log.2017-05-14_21:27:09,2017-05-14,19:44:05.774,2931,INFO,nova.virt.libvirt.imagecache,req-addc1839-2ed5-4778-b57e-5854eb7b8b09 - - - - -,"image 0673dd71-34c5-4fbb-86c4-40623fbe45b4 at (/var/lib/nova/instances/_base/a489c868f0c37da93b76227c91bb03908ac0e742): in use: on this node 1 local, 0 on other nodes sharing this instance storage",6,"image <*>dd<*>-<*>c<*>-<*>fbb-<*>c<*>-<*>fbe<*>b<*> at (<*>in use: on this node <*> local, <*> on other nodes sharing this instance storage","['0673', '71-34', '5-4', '86c4', '40623', '45b4', '/var/lib/nova/instances/_base/a489c868f0c37da93b76227c91bb03908ac0e742): ', '1', '0']"
655,nova-compute.log.2017-05-14_21:27:09,2017-05-14,19:44:05.961,2931,INFO,nova.virt.libvirt.imagecache,req-addc1839-2ed5-4778-b57e-5854eb7b8b09 - - - - -,Active base files: /var/lib/nova/instances/_base/a489c868f0c37da93b76227c91bb03908ac0e742,7,<*> base <*> /var/lib/nova/instances/_base/a<*>c<*>f<*>c<*>da<*>b<*>c<*>bb<*>ac<*>e<*>,"['Active', 'files:', '489c868', '0c37', '93b76227', '91', '03908', '0e742']"
656,nova-api.log.2017-05-14_21:27:04,2017-05-14,19:44:05.967,25746,INFO,nova.osapi_compute.wsgi.server,req-397114f6-6b9f-4dff-a259-ce3de2f9b452 113d3a99c3da401fbd62cc2caa5b96d2 54fadb412c4e40cdbaed9335e4c35a9e - - -,"10.11.10.1 ""GET /v2/54fadb412c4e40cdbaed9335e4c35a9e/servers/detail HTTP/1.1"" status: 200 len: 1893 time: 0.2567770",0,<*> <*> <*>HTTP<*>status: <*> len: <*> time: <*>.<*>,"['10.11.10.1', '""GET /v2/54fadb412c4e40cdbaed9335e4c35a9e/servers/detail ', '/1.1"" ', '200', '1893', '0.2567770']"
657,nova-compute.log.2017-05-14_21:27:09,2017-05-14,19:44:07.067,2931,INFO,nova.compute.manager,req-3ea4052c-895d-4b64-9e2d-04d64c4d94ab - - - - -,[instance: 2e8c8c4a-823f-4d79-bb72-996b528cbca4] VM Started (Lifecycle Event),2,<*> VM <*> (Lifecycle Event),"['[instance: 2e8c8c4a-823f-4d79-bb72-996b528cbca4]', 'Started']"
658,nova-compute.log.2017-05-14_21:27:09,2017-05-14,19:44:07.131,2931,INFO,nova.compute.manager,req-3ea4052c-895d-4b64-9e2d-04d64c4d94ab - - - - -,[instance: 2e8c8c4a-823f-4d79-bb72-996b528cbca4] VM Paused (Lifecycle Event),2,<*> VM <*> (Lifecycle Event),"['[instance: 2e8c8c4a-823f-4d79-bb72-996b528cbca4]', 'Paused']"
659,nova-api.log.2017-05-14_21:27:04,2017-05-14,19:44:07.238,25746,INFO,nova.osapi_compute.wsgi.server,req-1d8974ef-83ba-4d55-bb11-16f15f801996 113d3a99c3da401fbd62cc2caa5b96d2 54fadb412c4e40cdbaed9335e4c35a9e - - -,"10.11.10.1 ""GET /v2/54fadb412c4e40cdbaed9335e4c35a9e/servers/detail HTTP/1.1"" status: 200 len: 1893 time: 0.2644501",0,<*> <*> <*>HTTP<*>status: <*> len: <*> time: <*>.<*>,"['10.11.10.1', '""GET /v2/54fadb412c4e40cdbaed9335e4c35a9e/servers/detail ', '/1.1"" ', '200', '1893', '0.2644501']"
660,nova-compute.log.2017-05-14_21:27:09,2017-05-14,19:44:07.253,2931,INFO,nova.compute.manager,req-3ea4052c-895d-4b64-9e2d-04d64c4d94ab - - - - -,[instance: 2e8c8c4a-823f-4d79-bb72-996b528cbca4] During sync_power_state the instance has a pending task (spawning). Skip.,4,<*> During sync_power_state the instance has a pending task (spawning). Skip.,['[instance: 2e8c8c4a-823f-4d79-bb72-996b528cbca4]']
661,nova-api.log.2017-05-14_21:27:04,2017-05-14,19:44:07.510,25746,INFO,nova.osapi_compute.wsgi.server,req-153b24b1-a94e-4a92-9f44-9daf18b82374 113d3a99c3da401fbd62cc2caa5b96d2 54fadb412c4e40cdbaed9335e4c35a9e - - -,"10.11.10.1 ""GET /v2/54fadb412c4e40cdbaed9335e4c35a9e/servers/detail HTTP/1.1"" status: 200 len: 1893 time: 0.2676480",0,<*> <*> <*>HTTP<*>status: <*> len: <*> time: <*>.<*>,"['10.11.10.1', '""GET /v2/54fadb412c4e40cdbaed9335e4c35a9e/servers/detail ', '/1.1"" ', '200', '1893', '0.2676480']"
662,nova-api.log.2017-05-14_21:27:04,2017-05-14,19:44:08.769,25746,INFO,nova.osapi_compute.wsgi.server,req-d8a226ce-5c52-4614-8210-038032dd10cf 113d3a99c3da401fbd62cc2caa5b96d2 54fadb412c4e40cdbaed9335e4c35a9e - - -,"10.11.10.1 ""GET /v2/54fadb412c4e40cdbaed9335e4c35a9e/servers/detail HTTP/1.1"" status: 200 len: 1893 time: 0.2548630",0,<*> <*> <*>HTTP<*>status: <*> len: <*> time: <*>.<*>,"['10.11.10.1', '""GET /v2/54fadb412c4e40cdbaed9335e4c35a9e/servers/detail ', '/1.1"" ', '200', '1893', '0.2548630']"
663,nova-api.log.2017-05-14_21:27:04,2017-05-14,19:44:09.039,25746,INFO,nova.osapi_compute.wsgi.server,req-d4295d36-a101-4043-945b-8b6d8d715149 113d3a99c3da401fbd62cc2caa5b96d2 54fadb412c4e40cdbaed9335e4c35a9e - - -,"10.11.10.1 ""GET /v2/54fadb412c4e40cdbaed9335e4c35a9e/servers/detail HTTP/1.1"" status: 200 len: 1893 time: 0.2648668",0,<*> <*> <*>HTTP<*>status: <*> len: <*> time: <*>.<*>,"['10.11.10.1', '""GET /v2/54fadb412c4e40cdbaed9335e4c35a9e/servers/detail ', '/1.1"" ', '200', '1893', '0.2648668']"
664,nova-api.log.2017-05-14_21:27:04,2017-05-14,19:44:10.490,25746,INFO,nova.osapi_compute.wsgi.server,req-430f8a6b-8e41-4aa1-bc46-0247194333ed 113d3a99c3da401fbd62cc2caa5b96d2 54fadb412c4e40cdbaed9335e4c35a9e - - -,"10.11.10.1 ""GET /v2/54fadb412c4e40cdbaed9335e4c35a9e/servers/detail HTTP/1.1"" status: 200 len: 1893 time: 0.4448700",0,<*> <*> <*>HTTP<*>status: <*> len: <*> time: <*>.<*>,"['10.11.10.1', '""GET /v2/54fadb412c4e40cdbaed9335e4c35a9e/servers/detail ', '/1.1"" ', '200', '1893', '0.4448700']"
665,nova-api.log.2017-05-14_21:27:04,2017-05-14,19:44:10.751,25746,INFO,nova.osapi_compute.wsgi.server,req-ac73d454-14b6-4042-8e11-5983af578cc4 113d3a99c3da401fbd62cc2caa5b96d2 54fadb412c4e40cdbaed9335e4c35a9e - - -,"10.11.10.1 ""GET /v2/54fadb412c4e40cdbaed9335e4c35a9e/servers/detail HTTP/1.1"" status: 200 len: 1893 time: 0.2575109",0,<*> <*> <*>HTTP<*>status: <*> len: <*> time: <*>.<*>,"['10.11.10.1', '""GET /v2/54fadb412c4e40cdbaed9335e4c35a9e/servers/detail ', '/1.1"" ', '200', '1893', '0.2575109']"
666,nova-compute.log.2017-05-14_21:27:09,2017-05-14,19:44:11.016,2931,INFO,nova.virt.libvirt.imagecache,req-addc1839-2ed5-4778-b57e-5854eb7b8b09 - - - - -,image 0673dd71-34c5-4fbb-86c4-40623fbe45b4 at (/var/lib/nova/instances/_base/a489c868f0c37da93b76227c91bb03908ac0e742): checking,5,image <*>dd<*>-<*>c<*>-<*>fbb-<*>c<*>-<*>fbe<*>b<*> at (<*>checking,"['0673', '71-34', '5-4', '86c4', '40623', '45b4', '/var/lib/nova/instances/_base/a489c868f0c37da93b76227c91bb03908ac0e742): ']"
667,nova-compute.log.2017-05-14_21:27:09,2017-05-14,19:44:11.017,2931,INFO,nova.virt.libvirt.imagecache,req-addc1839-2ed5-4778-b57e-5854eb7b8b09 - - - - -,"image 0673dd71-34c5-4fbb-86c4-40623fbe45b4 at (/var/lib/nova/instances/_base/a489c868f0c37da93b76227c91bb03908ac0e742): in use: on this node 1 local, 0 on other nodes sharing this instance storage",6,"image <*>dd<*>-<*>c<*>-<*>fbb-<*>c<*>-<*>fbe<*>b<*> at (<*>in use: on this node <*> local, <*> on other nodes sharing this instance storage","['0673', '71-34', '5-4', '86c4', '40623', '45b4', '/var/lib/nova/instances/_base/a489c868f0c37da93b76227c91bb03908ac0e742): ', '1', '0']"
668,nova-compute.log.2017-05-14_21:27:09,2017-05-14,19:44:11.202,2931,INFO,nova.virt.libvirt.imagecache,req-addc1839-2ed5-4778-b57e-5854eb7b8b09 - - - - -,Active base files: /var/lib/nova/instances/_base/a489c868f0c37da93b76227c91bb03908ac0e742,7,<*> base <*> /var/lib/nova/instances/_base/a<*>c<*>f<*>c<*>da<*>b<*>c<*>bb<*>ac<*>e<*>,"['Active', 'files:', '489c868', '0c37', '93b76227', '91', '03908', '0e742']"
669,nova-api.log.2017-05-14_21:27:04,2017-05-14,19:44:12.020,25746,INFO,nova.osapi_compute.wsgi.server,req-754fb404-8dda-427c-897e-e94d97f6c040 113d3a99c3da401fbd62cc2caa5b96d2 54fadb412c4e40cdbaed9335e4c35a9e - - -,"10.11.10.1 ""GET /v2/54fadb412c4e40cdbaed9335e4c35a9e/servers/detail HTTP/1.1"" status: 200 len: 1893 time: 0.2637250",0,<*> <*> <*>HTTP<*>status: <*> len: <*> time: <*>.<*>,"['10.11.10.1', '""GET /v2/54fadb412c4e40cdbaed9335e4c35a9e/servers/detail ', '/1.1"" ', '200', '1893', '0.2637250']"
670,nova-api.log.2017-05-14_21:27:04,2017-05-14,19:44:12.278,25746,INFO,nova.osapi_compute.wsgi.server,req-e07f395e-4d9e-48ea-8e68-2d976fc7f109 113d3a99c3da401fbd62cc2caa5b96d2 54fadb412c4e40cdbaed9335e4c35a9e - - -,"10.11.10.1 ""GET /v2/54fadb412c4e40cdbaed9335e4c35a9e/servers/detail HTTP/1.1"" status: 200 len: 1893 time: 0.2536142",0,<*> <*> <*>HTTP<*>status: <*> len: <*> time: <*>.<*>,"['10.11.10.1', '""GET /v2/54fadb412c4e40cdbaed9335e4c35a9e/servers/detail ', '/1.1"" ', '200', '1893', '0.2536142']"
671,nova-api.log.2017-05-14_21:27:04,2017-05-14,19:44:13.560,25746,INFO,nova.osapi_compute.wsgi.server,req-6b777870-0fe5-4ed0-83af-0e26756af6bd 113d3a99c3da401fbd62cc2caa5b96d2 54fadb412c4e40cdbaed9335e4c35a9e - - -,"10.11.10.1 ""GET /v2/54fadb412c4e40cdbaed9335e4c35a9e/servers/detail HTTP/1.1"" status: 200 len: 1893 time: 0.2759500",0,<*> <*> <*>HTTP<*>status: <*> len: <*> time: <*>.<*>,"['10.11.10.1', '""GET /v2/54fadb412c4e40cdbaed9335e4c35a9e/servers/detail ', '/1.1"" ', '200', '1893', '0.2759500']"
672,nova-api.log.2017-05-14_21:27:04,2017-05-14,19:44:13.842,25746,INFO,nova.osapi_compute.wsgi.server,req-27e77fae-4179-4534-a0af-8469a6bb9982 113d3a99c3da401fbd62cc2caa5b96d2 54fadb412c4e40cdbaed9335e4c35a9e - - -,"10.11.10.1 ""GET /v2/54fadb412c4e40cdbaed9335e4c35a9e/servers/detail HTTP/1.1"" status: 200 len: 1893 time: 0.2770460",0,<*> <*> <*>HTTP<*>status: <*> len: <*> time: <*>.<*>,"['10.11.10.1', '""GET /v2/54fadb412c4e40cdbaed9335e4c35a9e/servers/detail ', '/1.1"" ', '200', '1893', '0.2770460']"
673,nova-api.log.2017-05-14_21:27:04,2017-05-14,19:44:14.189,25743,INFO,nova.api.openstack.compute.server_external_events,req-34e65374-02cf-4f85-8cab-813717b1bb26 f7b8d1f1d4d44643b07fa10ca7d021fb e9746973ac574c6b8a9e8857f56a7608 - - -,Creating event network-vif-plugged:8148f656-3336-44f0-b648-8df75b6dd41e for instance 2e8c8c4a-823f-4d79-bb72-996b528cbca4,8,Creating event <*> for instance <*>,"['network-vif-plugged:8148f656-3336-44f0-b648-8df75b6dd41e', '2e8c8c4a-823f-4d79-bb72-996b528cbca4']"
674,nova-api.log.2017-05-14_21:27:04,2017-05-14,19:44:14.195,25743,INFO,nova.osapi_compute.wsgi.server,req-34e65374-02cf-4f85-8cab-813717b1bb26 f7b8d1f1d4d44643b07fa10ca7d021fb e9746973ac574c6b8a9e8857f56a7608 - - -,"10.11.10.1 ""POST /v2/e9746973ac574c6b8a9e8857f56a7608/os-server-external-events HTTP/1.1"" status: 200 len: 380 time: 0.1029060",0,<*> <*> <*>HTTP<*>status: <*> len: <*> time: <*>.<*>,"['10.11.10.1', '""POST /v2/e9746973ac574c6b8a9e8857f56a7608/os-server-external-events ', '/1.1"" ', '200', '380', '0.1029060']"
675,nova-compute.log.2017-05-14_21:27:09,2017-05-14,19:44:14.203,2931,INFO,nova.compute.manager,req-3ea4052c-895d-4b64-9e2d-04d64c4d94ab - - - - -,[instance: 2e8c8c4a-823f-4d79-bb72-996b528cbca4] VM Resumed (Lifecycle Event),2,<*> VM <*> (Lifecycle Event),"['[instance: 2e8c8c4a-823f-4d79-bb72-996b528cbca4]', 'Resumed']"
676,nova-compute.log.2017-05-14_21:27:09,2017-05-14,19:44:14.213,2931,INFO,nova.virt.libvirt.driver,-,[instance: 2e8c8c4a-823f-4d79-bb72-996b528cbca4] Instance spawned successfully.,9,<*> Instance <*> successfully.,"['[instance: 2e8c8c4a-823f-4d79-bb72-996b528cbca4]', 'spawned']"
677,nova-compute.log.2017-05-14_21:27:09,2017-05-14,19:44:14.214,2931,INFO,nova.compute.manager,req-cf173c18-5e97-4166-a036-107141bf6b2f 113d3a99c3da401fbd62cc2caa5b96d2 54fadb412c4e40cdbaed9335e4c35a9e - - -,[instance: 2e8c8c4a-823f-4d79-bb72-996b528cbca4] Took 20.29 seconds to spawn the instance on the hypervisor.,10,<*> Took <*>.<*> seconds to <*> the instance on the hypervisor.,"['[instance: 2e8c8c4a-823f-4d79-bb72-996b528cbca4]', '20.29', 'spawn']"
678,nova-compute.log.2017-05-14_21:27:09,2017-05-14,19:44:14.357,2931,INFO,nova.compute.manager,req-cf173c18-5e97-4166-a036-107141bf6b2f 113d3a99c3da401fbd62cc2caa5b96d2 54fadb412c4e40cdbaed9335e4c35a9e - - -,[instance: 2e8c8c4a-823f-4d79-bb72-996b528cbca4] Took 21.10 seconds to build instance.,11,<*> Took <*>.<*> seconds to build instance.,"['[instance: 2e8c8c4a-823f-4d79-bb72-996b528cbca4]', '21.10']"
679,nova-compute.log.2017-05-14_21:27:09,2017-05-14,19:44:14.441,2931,INFO,nova.compute.manager,req-3ea4052c-895d-4b64-9e2d-04d64c4d94ab - - - - -,[instance: 2e8c8c4a-823f-4d79-bb72-996b528cbca4] During sync_power_state the instance has a pending task (spawning). Skip.,4,<*> During sync_power_state the instance has a pending task (spawning). Skip.,['[instance: 2e8c8c4a-823f-4d79-bb72-996b528cbca4]']
680,nova-compute.log.2017-05-14_21:27:09,2017-05-14,19:44:14.442,2931,INFO,nova.compute.manager,req-3ea4052c-895d-4b64-9e2d-04d64c4d94ab - - - - -,[instance: 2e8c8c4a-823f-4d79-bb72-996b528cbca4] VM Resumed (Lifecycle Event),2,<*> VM <*> (Lifecycle Event),"['[instance: 2e8c8c4a-823f-4d79-bb72-996b528cbca4]', 'Resumed']"
681,nova-api.log.2017-05-14_21:27:04,2017-05-14,19:44:15.118,25746,INFO,nova.osapi_compute.wsgi.server,req-f9725290-4cff-46c6-87c0-f112d37a7995 113d3a99c3da401fbd62cc2caa5b96d2 54fadb412c4e40cdbaed9335e4c35a9e - - -,"10.11.10.1 ""GET /v2/54fadb412c4e40cdbaed9335e4c35a9e/servers/detail HTTP/1.1"" status: 200 len: 1910 time: 0.2697659",0,<*> <*> <*>HTTP<*>status: <*> len: <*> time: <*>.<*>,"['10.11.10.1', '""GET /v2/54fadb412c4e40cdbaed9335e4c35a9e/servers/detail ', '/1.1"" ', '200', '1910', '0.2697659']"
682,nova-api.log.2017-05-14_21:27:04,2017-05-14,19:44:15.381,25746,INFO,nova.osapi_compute.wsgi.server,req-b829ca2e-0d50-487a-9c8b-5a180e6a998f 113d3a99c3da401fbd62cc2caa5b96d2 54fadb412c4e40cdbaed9335e4c35a9e - - -,"10.11.10.1 ""GET /v2/54fadb412c4e40cdbaed9335e4c35a9e/servers/detail HTTP/1.1"" status: 200 len: 1910 time: 0.2589121",0,<*> <*> <*>HTTP<*>status: <*> len: <*> time: <*>.<*>,"['10.11.10.1', '""GET /v2/54fadb412c4e40cdbaed9335e4c35a9e/servers/detail ', '/1.1"" ', '200', '1910', '0.2589121']"
683,nova-compute.log.2017-05-14_21:27:09,2017-05-14,19:44:16.258,2931,INFO,nova.virt.libvirt.imagecache,req-addc1839-2ed5-4778-b57e-5854eb7b8b09 - - - - -,image 0673dd71-34c5-4fbb-86c4-40623fbe45b4 at (/var/lib/nova/instances/_base/a489c868f0c37da93b76227c91bb03908ac0e742): checking,5,image <*>dd<*>-<*>c<*>-<*>fbb-<*>c<*>-<*>fbe<*>b<*> at (<*>checking,"['0673', '71-34', '5-4', '86c4', '40623', '45b4', '/var/lib/nova/instances/_base/a489c868f0c37da93b76227c91bb03908ac0e742): ']"
684,nova-compute.log.2017-05-14_21:27:09,2017-05-14,19:44:16.259,2931,INFO,nova.virt.libvirt.imagecache,req-addc1839-2ed5-4778-b57e-5854eb7b8b09 - - - - -,"image 0673dd71-34c5-4fbb-86c4-40623fbe45b4 at (/var/lib/nova/instances/_base/a489c868f0c37da93b76227c91bb03908ac0e742): in use: on this node 1 local, 0 on other nodes sharing this instance storage",6,"image <*>dd<*>-<*>c<*>-<*>fbb-<*>c<*>-<*>fbe<*>b<*> at (<*>in use: on this node <*> local, <*> on other nodes sharing this instance storage","['0673', '71-34', '5-4', '86c4', '40623', '45b4', '/var/lib/nova/instances/_base/a489c868f0c37da93b76227c91bb03908ac0e742): ', '1', '0']"
685,nova-compute.log.2017-05-14_21:27:09,2017-05-14,19:44:16.447,2931,INFO,nova.virt.libvirt.imagecache,req-addc1839-2ed5-4778-b57e-5854eb7b8b09 - - - - -,Active base files: /var/lib/nova/instances/_base/a489c868f0c37da93b76227c91bb03908ac0e742,7,<*> base <*> /var/lib/nova/instances/_base/a<*>c<*>f<*>c<*>da<*>b<*>c<*>bb<*>ac<*>e<*>,"['Active', 'files:', '489c868', '0c37', '93b76227', '91', '03908', '0e742']"
686,nova-api.log.2017-05-14_21:27:04,2017-05-14,19:44:20.458,25778,INFO,nova.metadata.wsgi.server,req-c381aedb-fafa-469b-a857-192a9ded0fc1 - - - - -,"10.11.11.232,10.11.10.1 ""GET /openstack/2012-08-10/meta_data.json HTTP/1.1"" status: 200 len: 264 time: 0.2318029",0,<*> <*> <*>HTTP<*>status: <*> len: <*> time: <*>.<*>,"['10.11.11.232,10.11.10.1', '""GET /openstack/2012-08-10/meta_data.json ', '/1.1"" ', '200', '264', '0.2318029']"
687,nova-api.log.2017-05-14_21:27:04,2017-05-14,19:44:20.470,25778,INFO,nova.metadata.wsgi.server,-,"10.11.11.232,10.11.10.1 ""GET /openstack/2013-10-17 HTTP/1.1"" status: 200 len: 157 time: 0.0006399",0,<*> <*> <*>HTTP<*>status: <*> len: <*> time: <*>.<*>,"['10.11.11.232,10.11.10.1', '""GET /openstack/2013-10-17 ', '/1.1"" ', '200', '157', '0.0006399']"
688,nova-api.log.2017-05-14_21:27:04,2017-05-14,19:44:20.708,25783,INFO,nova.metadata.wsgi.server,req-2463072d-1325-4347-985f-def753702ce3 - - - - -,"10.11.11.232,10.11.10.1 ""GET /openstack/2013-10-17/vendor_data.json HTTP/1.1"" status: 200 len: 124 time: 0.2283249",0,<*> <*> <*>HTTP<*>status: <*> len: <*> time: <*>.<*>,"['10.11.11.232,10.11.10.1', '""GET /openstack/2013-10-17/vendor_data.json ', '/1.1"" ', '200', '124', '0.2283249']"
689,nova-api.log.2017-05-14_21:27:04,2017-05-14,19:44:20.720,25783,INFO,nova.metadata.wsgi.server,-,"10.11.11.232,10.11.10.1 ""GET /openstack/2013-10-17/vendor_data.json HTTP/1.1"" status: 200 len: 124 time: 0.0006869",0,<*> <*> <*>HTTP<*>status: <*> len: <*> time: <*>.<*>,"['10.11.11.232,10.11.10.1', '""GET /openstack/2013-10-17/vendor_data.json ', '/1.1"" ', '200', '124', '0.0006869']"
690,nova-api.log.2017-05-14_21:27:04,2017-05-14,19:44:21.030,25799,INFO,nova.metadata.wsgi.server,req-8d5d8871-ae88-48f8-91b0-1b8bf635a40d - - - - -,"10.11.11.232,10.11.10.1 ""GET /openstack/2013-10-17/user_data HTTP/1.1"" status: 404 len: 176 time: 0.2197580",0,<*> <*> <*>HTTP<*>status: <*> len: <*> time: <*>.<*>,"['10.11.11.232,10.11.10.1', '""GET /openstack/2013-10-17/user_data ', '/1.1"" ', '404', '176', '0.2197580']"
691,nova-api.log.2017-05-14_21:27:04,2017-05-14,19:44:21.044,25799,INFO,nova.metadata.wsgi.server,-,"10.11.11.232,10.11.10.1 ""GET /openstack/2013-10-17/meta_data.json HTTP/1.1"" status: 200 len: 967 time: 0.0010791",0,<*> <*> <*>HTTP<*>status: <*> len: <*> time: <*>.<*>,"['10.11.11.232,10.11.10.1', '""GET /openstack/2013-10-17/meta_data.json ', '/1.1"" ', '200', '967', '0.0010791']"
692,nova-api.log.2017-05-14_21:27:04,2017-05-14,19:44:21.291,25784,INFO,nova.metadata.wsgi.server,req-5c49f1f7-0225-425f-8b0e-d013a71ffaff - - - - -,"10.11.11.232,10.11.10.1 ""GET /openstack/2013-10-17/meta_data.json HTTP/1.1"" status: 200 len: 967 time: 0.2353070",0,<*> <*> <*>HTTP<*>status: <*> len: <*> time: <*>.<*>,"['10.11.11.232,10.11.10.1', '""GET /openstack/2013-10-17/meta_data.json ', '/1.1"" ', '200', '967', '0.2353070']"
693,nova-compute.log.2017-05-14_21:27:09,2017-05-14,19:44:21.506,2931,INFO,nova.virt.libvirt.imagecache,req-addc1839-2ed5-4778-b57e-5854eb7b8b09 - - - - -,image 0673dd71-34c5-4fbb-86c4-40623fbe45b4 at (/var/lib/nova/instances/_base/a489c868f0c37da93b76227c91bb03908ac0e742): checking,5,image <*>dd<*>-<*>c<*>-<*>fbb-<*>c<*>-<*>fbe<*>b<*> at (<*>checking,"['0673', '71-34', '5-4', '86c4', '40623', '45b4', '/var/lib/nova/instances/_base/a489c868f0c37da93b76227c91bb03908ac0e742): ']"
694,nova-compute.log.2017-05-14_21:27:09,2017-05-14,19:44:21.507,2931,INFO,nova.virt.libvirt.imagecache,req-addc1839-2ed5-4778-b57e-5854eb7b8b09 - - - - -,"image 0673dd71-34c5-4fbb-86c4-40623fbe45b4 at (/var/lib/nova/instances/_base/a489c868f0c37da93b76227c91bb03908ac0e742): in use: on this node 1 local, 0 on other nodes sharing this instance storage",6,"image <*>dd<*>-<*>c<*>-<*>fbb-<*>c<*>-<*>fbe<*>b<*> at (<*>in use: on this node <*> local, <*> on other nodes sharing this instance storage","['0673', '71-34', '5-4', '86c4', '40623', '45b4', '/var/lib/nova/instances/_base/a489c868f0c37da93b76227c91bb03908ac0e742): ', '1', '0']"
695,nova-api.log.2017-05-14_21:27:04,2017-05-14,19:44:21.610,25790,INFO,nova.metadata.wsgi.server,req-c752d016-d22b-4f10-8c66-84e9dfbbf22f - - - - -,"10.11.11.232,10.11.10.1 ""GET /latest/meta-data/ HTTP/1.1"" status: 200 len: 328 time: 0.2280660",0,<*> <*> <*>HTTP<*>status: <*> len: <*> time: <*>.<*>,"['10.11.11.232,10.11.10.1', '""GET /latest/meta-data/ ', '/1.1"" ', '200', '328', '0.2280660']"
696,nova-api.log.2017-05-14_21:27:04,2017-05-14,19:44:21.657,25746,INFO,nova.osapi_compute.wsgi.server,req-7ca6b193-16bc-4eed-98b8-435a295aac54 113d3a99c3da401fbd62cc2caa5b96d2 54fadb412c4e40cdbaed9335e4c35a9e - - -,"10.11.10.1 ""DELETE /v2/54fadb412c4e40cdbaed9335e4c35a9e/servers/2e8c8c4a-823f-4d79-bb72-996b528cbca4 HTTP/1.1"" status: 204 len: 203 time: 0.2668030",0,<*> <*> <*>HTTP<*>status: <*> len: <*> time: <*>.<*>,"['10.11.10.1', '""DELETE /v2/54fadb412c4e40cdbaed9335e4c35a9e/servers/2e8c8c4a-823f-4d79-bb72-996b528cbca4 ', '/1.1"" ', '204', '203', '0.2668030']"
697,nova-compute.log.2017-05-14_21:27:09,2017-05-14,19:44:21.683,2931,INFO,nova.virt.libvirt.imagecache,req-addc1839-2ed5-4778-b57e-5854eb7b8b09 - - - - -,Active base files: /var/lib/nova/instances/_base/a489c868f0c37da93b76227c91bb03908ac0e742,7,<*> base <*> /var/lib/nova/instances/_base/a<*>c<*>f<*>c<*>da<*>b<*>c<*>bb<*>ac<*>e<*>,"['Active', 'files:', '489c868', '0c37', '93b76227', '91', '03908', '0e742']"
698,nova-compute.log.2017-05-14_21:27:09,2017-05-14,19:44:21.699,2931,INFO,nova.compute.manager,req-7ca6b193-16bc-4eed-98b8-435a295aac54 113d3a99c3da401fbd62cc2caa5b96d2 54fadb412c4e40cdbaed9335e4c35a9e - - -,[instance: 2e8c8c4a-823f-4d79-bb72-996b528cbca4] Terminating instance,12,<*> Terminating instance,['[instance: 2e8c8c4a-823f-4d79-bb72-996b528cbca4]']
699,nova-api.log.2017-05-14_21:27:04,2017-05-14,19:44:21.704,25784,INFO,nova.metadata.wsgi.server,-,"10.11.11.232,10.11.10.1 ""GET /latest/meta-data/block-device-mapping/ HTTP/1.1"" status: 200 len: 124 time: 0.0011549",0,<*> <*> <*>HTTP<*>status: <*> len: <*> time: <*>.<*>,"['10.11.11.232,10.11.10.1', '""GET /latest/meta-data/block-device-mapping/ ', '/1.1"" ', '200', '124', '0.0011549']"
700,nova-compute.log.2017-05-14_21:27:09,2017-05-14,19:44:21.916,2931,INFO,nova.virt.libvirt.driver,-,[instance: 2e8c8c4a-823f-4d79-bb72-996b528cbca4] Instance destroyed successfully.,9,<*> Instance <*> successfully.,"['[instance: 2e8c8c4a-823f-4d79-bb72-996b528cbca4]', 'destroyed']"
701,nova-api.log.2017-05-14_21:27:04,2017-05-14,19:44:21.932,25746,INFO,nova.osapi_compute.wsgi.server,req-34c60cd2-9841-4fa6-825b-910288abb2bf 113d3a99c3da401fbd62cc2caa5b96d2 54fadb412c4e40cdbaed9335e4c35a9e - - -,"10.11.10.1 ""GET /v2/54fadb412c4e40cdbaed9335e4c35a9e/servers/detail HTTP/1.1"" status: 200 len: 1916 time: 0.2705009",0,<*> <*> <*>HTTP<*>status: <*> len: <*> time: <*>.<*>,"['10.11.10.1', '""GET /v2/54fadb412c4e40cdbaed9335e4c35a9e/servers/detail ', '/1.1"" ', '200', '1916', '0.2705009']"
702,nova-api.log.2017-05-14_21:27:04,2017-05-14,19:44:22.023,25774,INFO,nova.metadata.wsgi.server,req-b584cf18-91bf-4f5d-85b7-c546e97fe1d9 - - - - -,"10.11.11.232,10.11.10.1 ""GET /latest/meta-data/block-device-mapping/ami HTTP/1.1"" status: 200 len: 119 time: 0.2289081",0,<*> <*> <*>HTTP<*>status: <*> len: <*> time: <*>.<*>,"['10.11.11.232,10.11.10.1', '""GET /latest/meta-data/block-device-mapping/ami ', '/1.1"" ', '200', '119', '0.2289081']"
703,nova-compute.log.2017-05-14_21:27:09,2017-05-14,19:44:22.591,2931,INFO,nova.virt.libvirt.driver,req-7ca6b193-16bc-4eed-98b8-435a295aac54 113d3a99c3da401fbd62cc2caa5b96d2 54fadb412c4e40cdbaed9335e4c35a9e - - -,[instance: 2e8c8c4a-823f-4d79-bb72-996b528cbca4] Deleting instance files /var/lib/nova/instances/2e8c8c4a-823f-4d79-bb72-996b528cbca4_del,13,<*> Deleting instance files <*>,"['[instance: 2e8c8c4a-823f-4d79-bb72-996b528cbca4]', '/var/lib/nova/instances/2e8c8c4a-823f-4d79-bb72-996b528cbca4_del']"
704,nova-compute.log.2017-05-14_21:27:09,2017-05-14,19:44:22.593,2931,INFO,nova.virt.libvirt.driver,req-7ca6b193-16bc-4eed-98b8-435a295aac54 113d3a99c3da401fbd62cc2caa5b96d2 54fadb412c4e40cdbaed9335e4c35a9e - - -,[instance: 2e8c8c4a-823f-4d79-bb72-996b528cbca4] Deletion of /var/lib/nova/instances/2e8c8c4a-823f-4d79-bb72-996b528cbca4_del complete,14,<*> Deletion of <*>complete,"['[instance: 2e8c8c4a-823f-4d79-bb72-996b528cbca4]', '/var/lib/nova/instances/2e8c8c4a-823f-4d79-bb72-996b528cbca4_del ']"
705,nova-compute.log.2017-05-14_21:27:09,2017-05-14,19:44:22.721,2931,INFO,nova.compute.manager,req-7ca6b193-16bc-4eed-98b8-435a295aac54 113d3a99c3da401fbd62cc2caa5b96d2 54fadb412c4e40cdbaed9335e4c35a9e - - -,[instance: 2e8c8c4a-823f-4d79-bb72-996b528cbca4] Took 1.02 seconds to destroy the instance on the hypervisor.,10,<*> Took <*>.<*> seconds to <*> the instance on the hypervisor.,"['[instance: 2e8c8c4a-823f-4d79-bb72-996b528cbca4]', '1.02', 'destroy']"
706,nova-api.log.2017-05-14_21:27:04,2017-05-14,19:44:23.148,25746,INFO,nova.osapi_compute.wsgi.server,req-e1ab64fb-e292-4eea-9a1e-882533076a8d 113d3a99c3da401fbd62cc2caa5b96d2 54fadb412c4e40cdbaed9335e4c35a9e - - -,"10.11.10.1 ""GET /v2/54fadb412c4e40cdbaed9335e4c35a9e/servers/detail HTTP/1.1"" status: 200 len: 1874 time: 0.2105598",0,<*> <*> <*>HTTP<*>status: <*> len: <*> time: <*>.<*>,"['10.11.10.1', '""GET /v2/54fadb412c4e40cdbaed9335e4c35a9e/servers/detail ', '/1.1"" ', '200', '1874', '0.2105598']"
707,nova-compute.log.2017-05-14_21:27:09,2017-05-14,19:44:23.294,2931,INFO,nova.compute.manager,req-7ca6b193-16bc-4eed-98b8-435a295aac54 113d3a99c3da401fbd62cc2caa5b96d2 54fadb412c4e40cdbaed9335e4c35a9e - - -,[instance: 2e8c8c4a-823f-4d79-bb72-996b528cbca4] Took 0.57 seconds to deallocate network for instance.,15,<*> Took <*>.<*> seconds to deallocate network for instance.,"['[instance: 2e8c8c4a-823f-4d79-bb72-996b528cbca4]', '0.57']"
708,nova-api.log.2017-05-14_21:27:04,2017-05-14,19:44:24.253,25746,INFO,nova.osapi_compute.wsgi.server,req-f913edee-1cb7-43f9-8fd0-4a5375e37562 113d3a99c3da401fbd62cc2caa5b96d2 54fadb412c4e40cdbaed9335e4c35a9e - - -,"10.11.10.1 ""GET /v2/54fadb412c4e40cdbaed9335e4c35a9e/servers/detail HTTP/1.1"" status: 200 len: 211 time: 0.0997570",0,<*> <*> <*>HTTP<*>status: <*> len: <*> time: <*>.<*>,"['10.11.10.1', '""GET /v2/54fadb412c4e40cdbaed9335e4c35a9e/servers/detail ', '/1.1"" ', '200', '211', '0.0997570']"
709,nova-api.log.2017-05-14_21:27:04,2017-05-14,19:44:25.330,25746,INFO,nova.api.openstack.wsgi,req-c15088e1-8cd6-492e-b902-05eeea2453e1 f7b8d1f1d4d44643b07fa10ca7d021fb e9746973ac574c6b8a9e8857f56a7608 - - -,HTTP exception thrown: No instances found for any event,16,HTTP exception thrown: No instances found for any event,[]
710,nova-api.log.2017-05-14_21:27:04,2017-05-14,19:44:25.332,25746,INFO,nova.osapi_compute.wsgi.server,req-c15088e1-8cd6-492e-b902-05eeea2453e1 f7b8d1f1d4d44643b07fa10ca7d021fb e9746973ac574c6b8a9e8857f56a7608 - - -,"10.11.10.1 ""POST /v2/e9746973ac574c6b8a9e8857f56a7608/os-server-external-events HTTP/1.1"" status: 404 len: 296 time: 0.0908740",0,<*> <*> <*>HTTP<*>status: <*> len: <*> time: <*>.<*>,"['10.11.10.1', '""POST /v2/e9746973ac574c6b8a9e8857f56a7608/os-server-external-events ', '/1.1"" ', '404', '296', '0.0908740']"
711,nova-compute.log.2017-05-14_21:27:09,2017-05-14,19:44:26.709,2931,WARNING,nova.virt.libvirt.imagecache,req-addc1839-2ed5-4778-b57e-5854eb7b8b09 - - - - -,Unknown base file: /var/lib/nova/instances/_base/a489c868f0c37da93b76227c91bb03908ac0e742,7,<*> base <*> /var/lib/nova/instances/_base/a<*>c<*>f<*>c<*>da<*>b<*>c<*>bb<*>ac<*>e<*>,"['Unknown', 'file:', '489c868', '0c37', '93b76227', '91', '03908', '0e742']"
712,nova-compute.log.2017-05-14_21:27:09,2017-05-14,19:44:26.710,2931,INFO,nova.virt.libvirt.imagecache,req-addc1839-2ed5-4778-b57e-5854eb7b8b09 - - - - -,Removable base files: /var/lib/nova/instances/_base/a489c868f0c37da93b76227c91bb03908ac0e742,7,<*> base <*> /var/lib/nova/instances/_base/a<*>c<*>f<*>c<*>da<*>b<*>c<*>bb<*>ac<*>e<*>,"['Removable', 'files:', '489c868', '0c37', '93b76227', '91', '03908', '0e742']"
713,nova-compute.log.2017-05-14_21:27:09,2017-05-14,19:44:26.711,2931,INFO,nova.virt.libvirt.imagecache,req-addc1839-2ed5-4778-b57e-5854eb7b8b09 - - - - -,Removing base or swap file: /var/lib/nova/instances/_base/a489c868f0c37da93b76227c91bb03908ac0e742,17,Removing base or swap file: /var/lib/nova/instances/_base/a<*>c<*>f<*>c<*>da<*>b<*>c<*>bb<*>ac<*>e<*>,"['489c868', '0c37', '93b76227', '91', '03908', '0e742']"
714,nova-api.log.2017-05-14_21:27:04,2017-05-14,19:44:34.754,25746,INFO,nova.osapi_compute.wsgi.server,req-032f4e41-9c1a-4dd7-ab3b-bb8368aa5bd1 113d3a99c3da401fbd62cc2caa5b96d2 54fadb412c4e40cdbaed9335e4c35a9e - - -,"10.11.10.1 ""POST /v2/54fadb412c4e40cdbaed9335e4c35a9e/servers HTTP/1.1"" status: 202 len: 733 time: 0.4881680",0,<*> <*> <*>HTTP<*>status: <*> len: <*> time: <*>.<*>,"['10.11.10.1', '""POST /v2/54fadb412c4e40cdbaed9335e4c35a9e/servers ', '/1.1"" ', '202', '733', '0.4881680']"
715,nova-api.log.2017-05-14_21:27:04,2017-05-14,19:44:34.951,25746,INFO,nova.osapi_compute.wsgi.server,req-da93b35e-ce22-49ca-8580-01398f20128a 113d3a99c3da401fbd62cc2caa5b96d2 54fadb412c4e40cdbaed9335e4c35a9e - - -,"10.11.10.1 ""GET /v2/54fadb412c4e40cdbaed9335e4c35a9e/servers/detail HTTP/1.1"" status: 200 len: 1583 time: 0.1927371",0,<*> <*> <*>HTTP<*>status: <*> len: <*> time: <*>.<*>,"['10.11.10.1', '""GET /v2/54fadb412c4e40cdbaed9335e4c35a9e/servers/detail ', '/1.1"" ', '200', '1583', '0.1927371']"
716,nova-compute.log.2017-05-14_21:27:09,2017-05-14,19:44:35.053,2931,INFO,nova.compute.claims,req-032f4e41-9c1a-4dd7-ab3b-bb8368aa5bd1 113d3a99c3da401fbd62cc2caa5b96d2 54fadb412c4e40cdbaed9335e4c35a9e - - -,"[instance: 5683e2e2-d5e0-48b8-9f30-a2216254e851] Attempting claim: memory 2048 MB, disk 20 GB, vcpus 1 CPU",18,"<*> Attempting claim: memory <*> MB, disk <*> GB, vcpus <*> CPU","['[instance: 5683e2e2-d5e0-48b8-9f30-a2216254e851]', '2048', '20', '1']"
717,nova-compute.log.2017-05-14_21:27:09,2017-05-14,19:44:35.054,2931,INFO,nova.compute.claims,req-032f4e41-9c1a-4dd7-ab3b-bb8368aa5bd1 113d3a99c3da401fbd62cc2caa5b96d2 54fadb412c4e40cdbaed9335e4c35a9e - - -,"[instance: 5683e2e2-d5e0-48b8-9f30-a2216254e851] Total memory: 64172 MB, used: 512.00 MB",19,"<*> <*> <*> <*> MB, <*> <*>.<*> MB","['[instance:', '5683e2e2-d5e0-48b8-9f30-a2216254e851] Total memory: 64172', 'used: 512', '00']"
718,nova-compute.log.2017-05-14_21:27:09,2017-05-14,19:44:35.055,2931,INFO,nova.compute.claims,req-032f4e41-9c1a-4dd7-ab3b-bb8368aa5bd1 113d3a99c3da401fbd62cc2caa5b96d2 54fadb412c4e40cdbaed9335e4c35a9e - - -,"[instance: 5683e2e2-d5e0-48b8-9f30-a2216254e851] memory limit: 96258.00 MB, free: 95746.00 MB",19,"<*> <*> <*> <*> MB, <*> <*>.<*> MB","['[instance:', '5683e2e2-d5e0-48b8-9f30-a2216254e851] memory limit: 96258.00', 'free: 95746', '00']"
719,nova-compute.log.2017-05-14_21:27:09,2017-05-14,19:44:35.056,2931,INFO,nova.compute.claims,req-032f4e41-9c1a-4dd7-ab3b-bb8368aa5bd1 113d3a99c3da401fbd62cc2caa5b96d2 54fadb412c4e40cdbaed9335e4c35a9e - - -,"[instance: 5683e2e2-d5e0-48b8-9f30-a2216254e851] Total disk: 15 GB, used: 0.00 GB",20,<*> Total <*> <*> <*> used: <*>.<*> <*>,"['[instance: 5683e2e2-d5e0-48b8-9f30-a2216254e851]', 'disk:', '15 GB,', '0.00', 'GB']"
720,nova-compute.log.2017-05-14_21:27:09,2017-05-14,19:44:35.056,2931,INFO,nova.compute.claims,req-032f4e41-9c1a-4dd7-ab3b-bb8368aa5bd1 113d3a99c3da401fbd62cc2caa5b96d2 54fadb412c4e40cdbaed9335e4c35a9e - - -,"[instance: 5683e2e2-d5e0-48b8-9f30-a2216254e851] disk limit not specified, defaulting to unlimited",21,"<*> <*> limit not specified, defaulting to unlimited",['[instance: 5683e2e2-d5e0-48b8-9f30-a2216254e851] disk']
721,nova-compute.log.2017-05-14_21:27:09,2017-05-14,19:44:35.057,2931,INFO,nova.compute.claims,req-032f4e41-9c1a-4dd7-ab3b-bb8368aa5bd1 113d3a99c3da401fbd62cc2caa5b96d2 54fadb412c4e40cdbaed9335e4c35a9e - - -,"[instance: 5683e2e2-d5e0-48b8-9f30-a2216254e851] Total vcpu: 16 VCPU, used: 0.00 VCPU",20,<*> Total <*> <*> <*> used: <*>.<*> <*>,"['[instance: 5683e2e2-d5e0-48b8-9f30-a2216254e851]', 'vcpu:', '16 VCPU,', '0.00', 'VCPU']"
722,nova-compute.log.2017-05-14_21:27:09,2017-05-14,19:44:35.058,2931,INFO,nova.compute.claims,req-032f4e41-9c1a-4dd7-ab3b-bb8368aa5bd1 113d3a99c3da401fbd62cc2caa5b96d2 54fadb412c4e40cdbaed9335e4c35a9e - - -,"[instance: 5683e2e2-d5e0-48b8-9f30-a2216254e851] vcpu limit not specified, defaulting to unlimited",21,"<*> <*> limit not specified, defaulting to unlimited",['[instance: 5683e2e2-d5e0-48b8-9f30-a2216254e851] vcpu']
723,nova-compute.log.2017-05-14_21:27:09,2017-05-14,19:44:35.090,2931,INFO,nova.compute.claims,req-032f4e41-9c1a-4dd7-ab3b-bb8368aa5bd1 113d3a99c3da401fbd62cc2caa5b96d2 54fadb412c4e40cdbaed9335e4c35a9e - - -,[instance: 5683e2e2-d5e0-48b8-9f30-a2216254e851] Claim successful,22,<*> Claim successful,['[instance: 5683e2e2-d5e0-48b8-9f30-a2216254e851]']
724,nova-api.log.2017-05-14_21:27:04,2017-05-14,19:44:35.135,25746,INFO,nova.osapi_compute.wsgi.server,req-b51c7199-6884-4e72-9fb1-a698cad04f11 113d3a99c3da401fbd62cc2caa5b96d2 54fadb412c4e40cdbaed9335e4c35a9e - - -,"10.11.10.1 ""GET /v2/54fadb412c4e40cdbaed9335e4c35a9e/servers/detail HTTP/1.1"" status: 200 len: 1575 time: 0.1800351",0,<*> <*> <*>HTTP<*>status: <*> len: <*> time: <*>.<*>,"['10.11.10.1', '""GET /v2/54fadb412c4e40cdbaed9335e4c35a9e/servers/detail ', '/1.1"" ', '200', '1575', '0.1800351']"
725,nova-api.log.2017-05-14_21:27:04,2017-05-14,19:44:35.342,25746,INFO,nova.osapi_compute.wsgi.server,req-6fff45f2-d728-44de-9b0a-8a6bc514a533 113d3a99c3da401fbd62cc2caa5b96d2 54fadb412c4e40cdbaed9335e4c35a9e - - -,"10.11.10.1 ""GET /v2/54fadb412c4e40cdbaed9335e4c35a9e/servers/5683e2e2-d5e0-48b8-9f30-a2216254e851 HTTP/1.1"" status: 200 len: 1708 time: 0.2030251",0,<*> <*> <*>HTTP<*>status: <*> len: <*> time: <*>.<*>,"['10.11.10.1', '""GET /v2/54fadb412c4e40cdbaed9335e4c35a9e/servers/5683e2e2-d5e0-48b8-9f30-a2216254e851 ', '/1.1"" ', '200', '1708', '0.2030251']"
726,nova-compute.log.2017-05-14_21:27:09,2017-05-14,19:44:35.707,2931,INFO,nova.virt.libvirt.driver,req-032f4e41-9c1a-4dd7-ab3b-bb8368aa5bd1 113d3a99c3da401fbd62cc2caa5b96d2 54fadb412c4e40cdbaed9335e4c35a9e - - -,[instance: 5683e2e2-d5e0-48b8-9f30-a2216254e851] Creating image,1,<*> Creating image,['[instance: 5683e2e2-d5e0-48b8-9f30-a2216254e851]']
727,nova-api.log.2017-05-14_21:27:04,2017-05-14,19:44:36.605,25746,INFO,nova.osapi_compute.wsgi.server,req-db877389-aad0-4479-865c-ea0c99e6306f 113d3a99c3da401fbd62cc2caa5b96d2 54fadb412c4e40cdbaed9335e4c35a9e - - -,"10.11.10.1 ""GET /v2/54fadb412c4e40cdbaed9335e4c35a9e/servers/detail HTTP/1.1"" status: 200 len: 1759 time: 0.2591350",0,<*> <*> <*>HTTP<*>status: <*> len: <*> time: <*>.<*>,"['10.11.10.1', '""GET /v2/54fadb412c4e40cdbaed9335e4c35a9e/servers/detail ', '/1.1"" ', '200', '1759', '0.2591350']"
728,nova-api.log.2017-05-14_21:27:04,2017-05-14,19:44:36.877,25746,INFO,nova.osapi_compute.wsgi.server,req-623d0235-0bb1-47c5-95a1-e329b93e886d 113d3a99c3da401fbd62cc2caa5b96d2 54fadb412c4e40cdbaed9335e4c35a9e - - -,"10.11.10.1 ""GET /v2/54fadb412c4e40cdbaed9335e4c35a9e/servers/detail HTTP/1.1"" status: 200 len: 1759 time: 0.2688198",0,<*> <*> <*>HTTP<*>status: <*> len: <*> time: <*>.<*>,"['10.11.10.1', '""GET /v2/54fadb412c4e40cdbaed9335e4c35a9e/servers/detail ', '/1.1"" ', '200', '1759', '0.2688198']"
729,nova-compute.log.2017-05-14_21:27:09,2017-05-14,19:44:36.914,2931,INFO,nova.compute.manager,-,[instance: 2e8c8c4a-823f-4d79-bb72-996b528cbca4] VM Stopped (Lifecycle Event),2,<*> VM <*> (Lifecycle Event),"['[instance: 2e8c8c4a-823f-4d79-bb72-996b528cbca4]', 'Stopped']"
730,nova-api.log.2017-05-14_21:27:04,2017-05-14,19:44:38.154,25746,INFO,nova.osapi_compute.wsgi.server,req-57cc7ec4-082c-4eab-9261-89b6c6031e9b 113d3a99c3da401fbd62cc2caa5b96d2 54fadb412c4e40cdbaed9335e4c35a9e - - -,"10.11.10.1 ""GET /v2/54fadb412c4e40cdbaed9335e4c35a9e/servers/detail HTTP/1.1"" status: 200 len: 1893 time: 0.2708361",0,<*> <*> <*>HTTP<*>status: <*> len: <*> time: <*>.<*>,"['10.11.10.1', '""GET /v2/54fadb412c4e40cdbaed9335e4c35a9e/servers/detail ', '/1.1"" ', '200', '1893', '0.2708361']"
731,nova-api.log.2017-05-14_21:27:04,2017-05-14,19:44:38.420,25746,INFO,nova.osapi_compute.wsgi.server,req-e503f4dd-27ff-4f6a-a262-f8665dcdf735 113d3a99c3da401fbd62cc2caa5b96d2 54fadb412c4e40cdbaed9335e4c35a9e - - -,"10.11.10.1 ""GET /v2/54fadb412c4e40cdbaed9335e4c35a9e/servers/detail HTTP/1.1"" status: 200 len: 1893 time: 0.2611411",0,<*> <*> <*>HTTP<*>status: <*> len: <*> time: <*>.<*>,"['10.11.10.1', '""GET /v2/54fadb412c4e40cdbaed9335e4c35a9e/servers/detail ', '/1.1"" ', '200', '1893', '0.2611411']"
732,nova-api.log.2017-05-14_21:27:04,2017-05-14,19:44:39.689,25746,INFO,nova.osapi_compute.wsgi.server,req-bdee7c5f-05d2-45d8-8ec8-f33aa0df6c8c 113d3a99c3da401fbd62cc2caa5b96d2 54fadb412c4e40cdbaed9335e4c35a9e - - -,"10.11.10.1 ""GET /v2/54fadb412c4e40cdbaed9335e4c35a9e/servers/detail HTTP/1.1"" status: 200 len: 1893 time: 0.2638340",0,<*> <*> <*>HTTP<*>status: <*> len: <*> time: <*>.<*>,"['10.11.10.1', '""GET /v2/54fadb412c4e40cdbaed9335e4c35a9e/servers/detail ', '/1.1"" ', '200', '1893', '0.2638340']"
733,nova-api.log.2017-05-14_21:27:04,2017-05-14,19:44:39.944,25746,INFO,nova.osapi_compute.wsgi.server,req-09732203-f9fb-4164-8f34-70b16dafec42 113d3a99c3da401fbd62cc2caa5b96d2 54fadb412c4e40cdbaed9335e4c35a9e - - -,"10.11.10.1 ""GET /v2/54fadb412c4e40cdbaed9335e4c35a9e/servers/detail HTTP/1.1"" status: 200 len: 1893 time: 0.2494190",0,<*> <*> <*>HTTP<*>status: <*> len: <*> time: <*>.<*>,"['10.11.10.1', '""GET /v2/54fadb412c4e40cdbaed9335e4c35a9e/servers/detail ', '/1.1"" ', '200', '1893', '0.2494190']"
734,nova-api.log.2017-05-14_21:27:04,2017-05-14,19:44:41.217,25746,INFO,nova.osapi_compute.wsgi.server,req-a7852d91-2ba4-466d-9163-1eeaeabf5631 113d3a99c3da401fbd62cc2caa5b96d2 54fadb412c4e40cdbaed9335e4c35a9e - - -,"10.11.10.1 ""GET /v2/54fadb412c4e40cdbaed9335e4c35a9e/servers/detail HTTP/1.1"" status: 200 len: 1893 time: 0.2664440",0,<*> <*> <*>HTTP<*>status: <*> len: <*> time: <*>.<*>,"['10.11.10.1', '""GET /v2/54fadb412c4e40cdbaed9335e4c35a9e/servers/detail ', '/1.1"" ', '200', '1893', '0.2664440']"
735,nova-api.log.2017-05-14_21:27:04,2017-05-14,19:44:41.589,25746,INFO,nova.osapi_compute.wsgi.server,req-eb3e5a2f-b1cf-474a-a58b-97a3721e1b62 113d3a99c3da401fbd62cc2caa5b96d2 54fadb412c4e40cdbaed9335e4c35a9e - - -,"10.11.10.1 ""GET /v2/54fadb412c4e40cdbaed9335e4c35a9e/servers/detail HTTP/1.1"" status: 200 len: 1893 time: 0.3676999",0,<*> <*> <*>HTTP<*>status: <*> len: <*> time: <*>.<*>,"['10.11.10.1', '""GET /v2/54fadb412c4e40cdbaed9335e4c35a9e/servers/detail ', '/1.1"" ', '200', '1893', '0.3676999']"
736,nova-api.log.2017-05-14_21:27:04,2017-05-14,19:44:42.857,25746,INFO,nova.osapi_compute.wsgi.server,req-bab94fc6-f122-46b2-8b49-dcacca6c717d 113d3a99c3da401fbd62cc2caa5b96d2 54fadb412c4e40cdbaed9335e4c35a9e - - -,"10.11.10.1 ""GET /v2/54fadb412c4e40cdbaed9335e4c35a9e/servers/detail HTTP/1.1"" status: 200 len: 1893 time: 0.2631650",0,<*> <*> <*>HTTP<*>status: <*> len: <*> time: <*>.<*>,"['10.11.10.1', '""GET /v2/54fadb412c4e40cdbaed9335e4c35a9e/servers/detail ', '/1.1"" ', '200', '1893', '0.2631650']"
737,nova-api.log.2017-05-14_21:27:04,2017-05-14,19:44:43.129,25746,INFO,nova.osapi_compute.wsgi.server,req-23e59d0a-f1b7-470e-97e4-8c9705a98114 113d3a99c3da401fbd62cc2caa5b96d2 54fadb412c4e40cdbaed9335e4c35a9e - - -,"10.11.10.1 ""GET /v2/54fadb412c4e40cdbaed9335e4c35a9e/servers/detail HTTP/1.1"" status: 200 len: 1893 time: 0.2681658",0,<*> <*> <*>HTTP<*>status: <*> len: <*> time: <*>.<*>,"['10.11.10.1', '""GET /v2/54fadb412c4e40cdbaed9335e4c35a9e/servers/detail ', '/1.1"" ', '200', '1893', '0.2681658']"
738,nova-api.log.2017-05-14_21:27:04,2017-05-14,19:44:44.406,25746,INFO,nova.osapi_compute.wsgi.server,req-41a30caa-8ebd-4188-81d5-d5cfaaf85780 113d3a99c3da401fbd62cc2caa5b96d2 54fadb412c4e40cdbaed9335e4c35a9e - - -,"10.11.10.1 ""GET /v2/54fadb412c4e40cdbaed9335e4c35a9e/servers/detail HTTP/1.1"" status: 200 len: 1893 time: 0.2719760",0,<*> <*> <*>HTTP<*>status: <*> len: <*> time: <*>.<*>,"['10.11.10.1', '""GET /v2/54fadb412c4e40cdbaed9335e4c35a9e/servers/detail ', '/1.1"" ', '200', '1893', '0.2719760']"
739,nova-api.log.2017-05-14_21:27:04,2017-05-14,19:44:44.679,25746,INFO,nova.osapi_compute.wsgi.server,req-f02ae2ab-fa62-49fb-bea3-78d421244f0d 113d3a99c3da401fbd62cc2caa5b96d2 54fadb412c4e40cdbaed9335e4c35a9e - - -,"10.11.10.1 ""GET /v2/54fadb412c4e40cdbaed9335e4c35a9e/servers/detail HTTP/1.1"" status: 200 len: 1893 time: 0.2679889",0,<*> <*> <*>HTTP<*>status: <*> len: <*> time: <*>.<*>,"['10.11.10.1', '""GET /v2/54fadb412c4e40cdbaed9335e4c35a9e/servers/detail ', '/1.1"" ', '200', '1893', '0.2679889']"
740,nova-api.log.2017-05-14_21:27:04,2017-05-14,19:44:45.968,25746,INFO,nova.osapi_compute.wsgi.server,req-d4d78fa8-0094-409b-8201-a10796387037 113d3a99c3da401fbd62cc2caa5b96d2 54fadb412c4e40cdbaed9335e4c35a9e - - -,"10.11.10.1 ""GET /v2/54fadb412c4e40cdbaed9335e4c35a9e/servers/detail HTTP/1.1"" status: 200 len: 1893 time: 0.2836571",0,<*> <*> <*>HTTP<*>status: <*> len: <*> time: <*>.<*>,"['10.11.10.1', '""GET /v2/54fadb412c4e40cdbaed9335e4c35a9e/servers/detail ', '/1.1"" ', '200', '1893', '0.2836571']"
741,nova-api.log.2017-05-14_21:27:04,2017-05-14,19:44:46.263,25746,INFO,nova.osapi_compute.wsgi.server,req-52931106-f23a-4593-9446-68c956c1d861 113d3a99c3da401fbd62cc2caa5b96d2 54fadb412c4e40cdbaed9335e4c35a9e - - -,"10.11.10.1 ""GET /v2/54fadb412c4e40cdbaed9335e4c35a9e/servers/detail HTTP/1.1"" status: 200 len: 1893 time: 0.2891469",0,<*> <*> <*>HTTP<*>status: <*> len: <*> time: <*>.<*>,"['10.11.10.1', '""GET /v2/54fadb412c4e40cdbaed9335e4c35a9e/servers/detail ', '/1.1"" ', '200', '1893', '0.2891469']"
742,nova-compute.log.2017-05-14_21:27:09,2017-05-14,19:44:47.079,2931,INFO,nova.virt.libvirt.imagecache,req-addc1839-2ed5-4778-b57e-5854eb7b8b09 - - - - -,image 0673dd71-34c5-4fbb-86c4-40623fbe45b4 at (/var/lib/nova/instances/_base/a489c868f0c37da93b76227c91bb03908ac0e742): checking,5,image <*>dd<*>-<*>c<*>-<*>fbb-<*>c<*>-<*>fbe<*>b<*> at (<*>checking,"['0673', '71-34', '5-4', '86c4', '40623', '45b4', '/var/lib/nova/instances/_base/a489c868f0c37da93b76227c91bb03908ac0e742): ']"
743,nova-compute.log.2017-05-14_21:27:09,2017-05-14,19:44:47.080,2931,INFO,nova.virt.libvirt.imagecache,req-addc1839-2ed5-4778-b57e-5854eb7b8b09 - - - - -,"image 0673dd71-34c5-4fbb-86c4-40623fbe45b4 at (/var/lib/nova/instances/_base/a489c868f0c37da93b76227c91bb03908ac0e742): in use: on this node 1 local, 0 on other nodes sharing this instance storage",6,"image <*>dd<*>-<*>c<*>-<*>fbb-<*>c<*>-<*>fbe<*>b<*> at (<*>in use: on this node <*> local, <*> on other nodes sharing this instance storage","['0673', '71-34', '5-4', '86c4', '40623', '45b4', '/var/lib/nova/instances/_base/a489c868f0c37da93b76227c91bb03908ac0e742): ', '1', '0']"
744,nova-compute.log.2017-05-14_21:27:09,2017-05-14,19:44:47.285,2931,INFO,nova.virt.libvirt.imagecache,req-addc1839-2ed5-4778-b57e-5854eb7b8b09 - - - - -,Active base files: /var/lib/nova/instances/_base/a489c868f0c37da93b76227c91bb03908ac0e742,7,<*> base <*> /var/lib/nova/instances/_base/a<*>c<*>f<*>c<*>da<*>b<*>c<*>bb<*>ac<*>e<*>,"['Active', 'files:', '489c868', '0c37', '93b76227', '91', '03908', '0e742']"
745,nova-api.log.2017-05-14_21:27:04,2017-05-14,19:44:47.540,25746,INFO,nova.osapi_compute.wsgi.server,req-509c11ea-c169-462a-b6b3-80293f9d4966 113d3a99c3da401fbd62cc2caa5b96d2 54fadb412c4e40cdbaed9335e4c35a9e - - -,"10.11.10.1 ""GET /v2/54fadb412c4e40cdbaed9335e4c35a9e/servers/detail HTTP/1.1"" status: 200 len: 1893 time: 0.2706451",0,<*> <*> <*>HTTP<*>status: <*> len: <*> time: <*>.<*>,"['10.11.10.1', '""GET /v2/54fadb412c4e40cdbaed9335e4c35a9e/servers/detail ', '/1.1"" ', '200', '1893', '0.2706451']"
746,nova-api.log.2017-05-14_21:27:04,2017-05-14,19:44:47.804,25746,INFO,nova.osapi_compute.wsgi.server,req-e363f852-8f4c-4bf7-a8ab-891b00d87a27 113d3a99c3da401fbd62cc2caa5b96d2 54fadb412c4e40cdbaed9335e4c35a9e - - -,"10.11.10.1 ""GET /v2/54fadb412c4e40cdbaed9335e4c35a9e/servers/detail HTTP/1.1"" status: 200 len: 1893 time: 0.2610590",0,<*> <*> <*>HTTP<*>status: <*> len: <*> time: <*>.<*>,"['10.11.10.1', '""GET /v2/54fadb412c4e40cdbaed9335e4c35a9e/servers/detail ', '/1.1"" ', '200', '1893', '0.2610590']"
747,nova-compute.log.2017-05-14_21:27:09,2017-05-14,19:44:48.653,2931,INFO,nova.compute.manager,req-3ea4052c-895d-4b64-9e2d-04d64c4d94ab - - - - -,[instance: 5683e2e2-d5e0-48b8-9f30-a2216254e851] VM Started (Lifecycle Event),2,<*> VM <*> (Lifecycle Event),"['[instance: 5683e2e2-d5e0-48b8-9f30-a2216254e851]', 'Started']"
748,nova-compute.log.2017-05-14_21:27:09,2017-05-14,19:44:48.718,2931,INFO,nova.compute.manager,req-3ea4052c-895d-4b64-9e2d-04d64c4d94ab - - - - -,[instance: 5683e2e2-d5e0-48b8-9f30-a2216254e851] VM Paused (Lifecycle Event),2,<*> VM <*> (Lifecycle Event),"['[instance: 5683e2e2-d5e0-48b8-9f30-a2216254e851]', 'Paused']"
749,nova-compute.log.2017-05-14_21:27:09,2017-05-14,19:44:48.847,2931,INFO,nova.compute.manager,req-3ea4052c-895d-4b64-9e2d-04d64c4d94ab - - - - -,[instance: 5683e2e2-d5e0-48b8-9f30-a2216254e851] During sync_power_state the instance has a pending task (spawning). Skip.,4,<*> During sync_power_state the instance has a pending task (spawning). Skip.,['[instance: 5683e2e2-d5e0-48b8-9f30-a2216254e851]']
750,nova-api.log.2017-05-14_21:27:04,2017-05-14,19:44:49.097,25746,INFO,nova.osapi_compute.wsgi.server,req-aabe9011-5efd-441e-809c-b602a8cfc40c 113d3a99c3da401fbd62cc2caa5b96d2 54fadb412c4e40cdbaed9335e4c35a9e - - -,"10.11.10.1 ""GET /v2/54fadb412c4e40cdbaed9335e4c35a9e/servers/detail HTTP/1.1"" status: 200 len: 1893 time: 0.2882390",0,<*> <*> <*>HTTP<*>status: <*> len: <*> time: <*>.<*>,"['10.11.10.1', '""GET /v2/54fadb412c4e40cdbaed9335e4c35a9e/servers/detail ', '/1.1"" ', '200', '1893', '0.2882390']"
751,nova-api.log.2017-05-14_21:27:04,2017-05-14,19:44:49.373,25746,INFO,nova.osapi_compute.wsgi.server,req-6ff81b88-35e5-4268-9d01-a2ac48f1e787 113d3a99c3da401fbd62cc2caa5b96d2 54fadb412c4e40cdbaed9335e4c35a9e - - -,"10.11.10.1 ""GET /v2/54fadb412c4e40cdbaed9335e4c35a9e/servers/detail HTTP/1.1"" status: 200 len: 1893 time: 0.2718000",0,<*> <*> <*>HTTP<*>status: <*> len: <*> time: <*>.<*>,"['10.11.10.1', '""GET /v2/54fadb412c4e40cdbaed9335e4c35a9e/servers/detail ', '/1.1"" ', '200', '1893', '0.2718000']"
752,nova-compute.log.2017-05-14_21:27:09,2017-05-14,19:44:50.139,2931,INFO,nova.virt.libvirt.imagecache,req-addc1839-2ed5-4778-b57e-5854eb7b8b09 - - - - -,image 0673dd71-34c5-4fbb-86c4-40623fbe45b4 at (/var/lib/nova/instances/_base/a489c868f0c37da93b76227c91bb03908ac0e742): checking,5,image <*>dd<*>-<*>c<*>-<*>fbb-<*>c<*>-<*>fbe<*>b<*> at (<*>checking,"['0673', '71-34', '5-4', '86c4', '40623', '45b4', '/var/lib/nova/instances/_base/a489c868f0c37da93b76227c91bb03908ac0e742): ']"
753,nova-compute.log.2017-05-14_21:27:09,2017-05-14,19:44:50.140,2931,INFO,nova.virt.libvirt.imagecache,req-addc1839-2ed5-4778-b57e-5854eb7b8b09 - - - - -,"image 0673dd71-34c5-4fbb-86c4-40623fbe45b4 at (/var/lib/nova/instances/_base/a489c868f0c37da93b76227c91bb03908ac0e742): in use: on this node 1 local, 0 on other nodes sharing this instance storage",6,"image <*>dd<*>-<*>c<*>-<*>fbb-<*>c<*>-<*>fbe<*>b<*> at (<*>in use: on this node <*> local, <*> on other nodes sharing this instance storage","['0673', '71-34', '5-4', '86c4', '40623', '45b4', '/var/lib/nova/instances/_base/a489c868f0c37da93b76227c91bb03908ac0e742): ', '1', '0']"
754,nova-compute.log.2017-05-14_21:27:09,2017-05-14,19:44:50.330,2931,INFO,nova.virt.libvirt.imagecache,req-addc1839-2ed5-4778-b57e-5854eb7b8b09 - - - - -,Active base files: /var/lib/nova/instances/_base/a489c868f0c37da93b76227c91bb03908ac0e742,7,<*> base <*> /var/lib/nova/instances/_base/a<*>c<*>f<*>c<*>da<*>b<*>c<*>bb<*>ac<*>e<*>,"['Active', 'files:', '489c868', '0c37', '93b76227', '91', '03908', '0e742']"
755,nova-api.log.2017-05-14_21:27:04,2017-05-14,19:44:50.665,25746,INFO,nova.osapi_compute.wsgi.server,req-38aa69c8-ac6a-4547-b262-1a5e9c719a8c 113d3a99c3da401fbd62cc2caa5b96d2 54fadb412c4e40cdbaed9335e4c35a9e - - -,"10.11.10.1 ""GET /v2/54fadb412c4e40cdbaed9335e4c35a9e/servers/detail HTTP/1.1"" status: 200 len: 1893 time: 0.2846270",0,<*> <*> <*>HTTP<*>status: <*> len: <*> time: <*>.<*>,"['10.11.10.1', '""GET /v2/54fadb412c4e40cdbaed9335e4c35a9e/servers/detail ', '/1.1"" ', '200', '1893', '0.2846270']"
756,nova-api.log.2017-05-14_21:27:04,2017-05-14,19:44:50.941,25746,INFO,nova.osapi_compute.wsgi.server,req-c0a3a2ce-b693-4f9f-b7cd-5c79972dcf33 113d3a99c3da401fbd62cc2caa5b96d2 54fadb412c4e40cdbaed9335e4c35a9e - - -,"10.11.10.1 ""GET /v2/54fadb412c4e40cdbaed9335e4c35a9e/servers/detail HTTP/1.1"" status: 200 len: 1893 time: 0.2716601",0,<*> <*> <*>HTTP<*>status: <*> len: <*> time: <*>.<*>,"['10.11.10.1', '""GET /v2/54fadb412c4e40cdbaed9335e4c35a9e/servers/detail ', '/1.1"" ', '200', '1893', '0.2716601']"
757,nova-scheduler.log.2017-05-14_21:27:04,2017-05-14,19:44:51.407,25998,INFO,nova.scheduler.host_manager,req-ecc495a7-6c79-4da2-804e-2bcc64b101f1 - - - - -,The instance sync for host 'cp-1.slowvm1.tcloud-pg0.utah.cloudlab.us' did not match. Re-created its InstanceList.,28,The instance sync for host 'cp-<*>.slowvm<*>.tcloud-pg<*>.utah.cloudlab.us' did not match. Re-created its InstanceList.,"['1', '1', '0']"
758,nova-api.log.2017-05-14_21:27:04,2017-05-14,19:44:52.216,25746,INFO,nova.osapi_compute.wsgi.server,req-ba01ecde-2489-4307-83e3-fc2216be8b6e 113d3a99c3da401fbd62cc2caa5b96d2 54fadb412c4e40cdbaed9335e4c35a9e - - -,"10.11.10.1 ""GET /v2/54fadb412c4e40cdbaed9335e4c35a9e/servers/detail HTTP/1.1"" status: 200 len: 1893 time: 0.2695119",0,<*> <*> <*>HTTP<*>status: <*> len: <*> time: <*>.<*>,"['10.11.10.1', '""GET /v2/54fadb412c4e40cdbaed9335e4c35a9e/servers/detail ', '/1.1"" ', '200', '1893', '0.2695119']"
759,nova-api.log.2017-05-14_21:27:04,2017-05-14,19:44:52.495,25746,INFO,nova.osapi_compute.wsgi.server,req-b0b16fe1-355a-4e47-9f48-ef24e1629027 113d3a99c3da401fbd62cc2caa5b96d2 54fadb412c4e40cdbaed9335e4c35a9e - - -,"10.11.10.1 ""GET /v2/54fadb412c4e40cdbaed9335e4c35a9e/servers/detail HTTP/1.1"" status: 200 len: 1893 time: 0.2747450",0,<*> <*> <*>HTTP<*>status: <*> len: <*> time: <*>.<*>,"['10.11.10.1', '""GET /v2/54fadb412c4e40cdbaed9335e4c35a9e/servers/detail ', '/1.1"" ', '200', '1893', '0.2747450']"
760,nova-api.log.2017-05-14_21:27:04,2017-05-14,19:44:53.921,25746,INFO,nova.osapi_compute.wsgi.server,req-a4b14238-b16e-43c9-b646-a01c73523d4b 113d3a99c3da401fbd62cc2caa5b96d2 54fadb412c4e40cdbaed9335e4c35a9e - - -,"10.11.10.1 ""GET /v2/54fadb412c4e40cdbaed9335e4c35a9e/servers/detail HTTP/1.1"" status: 200 len: 1893 time: 0.4208641",0,<*> <*> <*>HTTP<*>status: <*> len: <*> time: <*>.<*>,"['10.11.10.1', '""GET /v2/54fadb412c4e40cdbaed9335e4c35a9e/servers/detail ', '/1.1"" ', '200', '1893', '0.4208641']"
761,nova-api.log.2017-05-14_21:27:04,2017-05-14,19:44:54.182,25746,INFO,nova.osapi_compute.wsgi.server,req-69074ea8-32f0-495d-833a-b62485658d2b 113d3a99c3da401fbd62cc2caa5b96d2 54fadb412c4e40cdbaed9335e4c35a9e - - -,"10.11.10.1 ""GET /v2/54fadb412c4e40cdbaed9335e4c35a9e/servers/detail HTTP/1.1"" status: 200 len: 1893 time: 0.2568841",0,<*> <*> <*>HTTP<*>status: <*> len: <*> time: <*>.<*>,"['10.11.10.1', '""GET /v2/54fadb412c4e40cdbaed9335e4c35a9e/servers/detail ', '/1.1"" ', '200', '1893', '0.2568841']"
762,nova-compute.log.2017-05-14_21:27:09,2017-05-14,19:44:55.136,2931,INFO,nova.virt.libvirt.imagecache,req-addc1839-2ed5-4778-b57e-5854eb7b8b09 - - - - -,image 0673dd71-34c5-4fbb-86c4-40623fbe45b4 at (/var/lib/nova/instances/_base/a489c868f0c37da93b76227c91bb03908ac0e742): checking,5,image <*>dd<*>-<*>c<*>-<*>fbb-<*>c<*>-<*>fbe<*>b<*> at (<*>checking,"['0673', '71-34', '5-4', '86c4', '40623', '45b4', '/var/lib/nova/instances/_base/a489c868f0c37da93b76227c91bb03908ac0e742): ']"
763,nova-compute.log.2017-05-14_21:27:09,2017-05-14,19:44:55.137,2931,INFO,nova.virt.libvirt.imagecache,req-addc1839-2ed5-4778-b57e-5854eb7b8b09 - - - - -,"image 0673dd71-34c5-4fbb-86c4-40623fbe45b4 at (/var/lib/nova/instances/_base/a489c868f0c37da93b76227c91bb03908ac0e742): in use: on this node 1 local, 0 on other nodes sharing this instance storage",6,"image <*>dd<*>-<*>c<*>-<*>fbb-<*>c<*>-<*>fbe<*>b<*> at (<*>in use: on this node <*> local, <*> on other nodes sharing this instance storage","['0673', '71-34', '5-4', '86c4', '40623', '45b4', '/var/lib/nova/instances/_base/a489c868f0c37da93b76227c91bb03908ac0e742): ', '1', '0']"
764,nova-compute.log.2017-05-14_21:27:09,2017-05-14,19:44:55.316,2931,INFO,nova.virt.libvirt.imagecache,req-addc1839-2ed5-4778-b57e-5854eb7b8b09 - - - - -,Active base files: /var/lib/nova/instances/_base/a489c868f0c37da93b76227c91bb03908ac0e742,7,<*> base <*> /var/lib/nova/instances/_base/a<*>c<*>f<*>c<*>da<*>b<*>c<*>bb<*>ac<*>e<*>,"['Active', 'files:', '489c868', '0c37', '93b76227', '91', '03908', '0e742']"
765,nova-api.log.2017-05-14_21:27:04,2017-05-14,19:44:55.468,25746,INFO,nova.osapi_compute.wsgi.server,req-eae84c0e-7d3c-4f41-b0af-35aa525fad9f 113d3a99c3da401fbd62cc2caa5b96d2 54fadb412c4e40cdbaed9335e4c35a9e - - -,"10.11.10.1 ""GET /v2/54fadb412c4e40cdbaed9335e4c35a9e/servers/detail HTTP/1.1"" status: 200 len: 1893 time: 0.2792852",0,<*> <*> <*>HTTP<*>status: <*> len: <*> time: <*>.<*>,"['10.11.10.1', '""GET /v2/54fadb412c4e40cdbaed9335e4c35a9e/servers/detail ', '/1.1"" ', '200', '1893', '0.2792852']"
766,nova-api.log.2017-05-14_21:27:04,2017-05-14,19:44:55.643,25743,INFO,nova.api.openstack.compute.server_external_events,req-c4feea6e-bd6f-4ba0-a91c-812bfab25829 f7b8d1f1d4d44643b07fa10ca7d021fb e9746973ac574c6b8a9e8857f56a7608 - - -,Creating event network-vif-plugged:879bd331-e573-4aaf-9b81-bc83c841cb73 for instance 5683e2e2-d5e0-48b8-9f30-a2216254e851,8,Creating event <*> for instance <*>,"['network-vif-plugged:879bd331-e573-4aaf-9b81-bc83c841cb73', '5683e2e2-d5e0-48b8-9f30-a2216254e851']"
767,nova-api.log.2017-05-14_21:27:04,2017-05-14,19:44:55.649,25743,INFO,nova.osapi_compute.wsgi.server,req-c4feea6e-bd6f-4ba0-a91c-812bfab25829 f7b8d1f1d4d44643b07fa10ca7d021fb e9746973ac574c6b8a9e8857f56a7608 - - -,"10.11.10.1 ""POST /v2/e9746973ac574c6b8a9e8857f56a7608/os-server-external-events HTTP/1.1"" status: 200 len: 380 time: 0.0933011",0,<*> <*> <*>HTTP<*>status: <*> len: <*> time: <*>.<*>,"['10.11.10.1', '""POST /v2/e9746973ac574c6b8a9e8857f56a7608/os-server-external-events ', '/1.1"" ', '200', '380', '0.0933011']"
768,nova-compute.log.2017-05-14_21:27:09,2017-05-14,19:44:55.656,2931,INFO,nova.compute.manager,req-3ea4052c-895d-4b64-9e2d-04d64c4d94ab - - - - -,[instance: 5683e2e2-d5e0-48b8-9f30-a2216254e851] VM Resumed (Lifecycle Event),2,<*> VM <*> (Lifecycle Event),"['[instance: 5683e2e2-d5e0-48b8-9f30-a2216254e851]', 'Resumed']"
769,nova-compute.log.2017-05-14_21:27:09,2017-05-14,19:44:55.668,2931,INFO,nova.virt.libvirt.driver,-,[instance: 5683e2e2-d5e0-48b8-9f30-a2216254e851] Instance spawned successfully.,9,<*> Instance <*> successfully.,"['[instance: 5683e2e2-d5e0-48b8-9f30-a2216254e851]', 'spawned']"
770,nova-compute.log.2017-05-14_21:27:09,2017-05-14,19:44:55.669,2931,INFO,nova.compute.manager,req-032f4e41-9c1a-4dd7-ab3b-bb8368aa5bd1 113d3a99c3da401fbd62cc2caa5b96d2 54fadb412c4e40cdbaed9335e4c35a9e - - -,[instance: 5683e2e2-d5e0-48b8-9f30-a2216254e851] Took 19.96 seconds to spawn the instance on the hypervisor.,10,<*> Took <*>.<*> seconds to <*> the instance on the hypervisor.,"['[instance: 5683e2e2-d5e0-48b8-9f30-a2216254e851]', '19.96', 'spawn']"
771,nova-api.log.2017-05-14_21:27:04,2017-05-14,19:44:55.740,25746,INFO,nova.osapi_compute.wsgi.server,req-1f36c223-a9fb-46d2-8e3f-a6b6abc03728 113d3a99c3da401fbd62cc2caa5b96d2 54fadb412c4e40cdbaed9335e4c35a9e - - -,"10.11.10.1 ""GET /v2/54fadb412c4e40cdbaed9335e4c35a9e/servers/detail HTTP/1.1"" status: 200 len: 1893 time: 0.2683041",0,<*> <*> <*>HTTP<*>status: <*> len: <*> time: <*>.<*>,"['10.11.10.1', '""GET /v2/54fadb412c4e40cdbaed9335e4c35a9e/servers/detail ', '/1.1"" ', '200', '1893', '0.2683041']"
772,nova-compute.log.2017-05-14_21:27:09,2017-05-14,19:44:55.783,2931,INFO,nova.compute.manager,req-3ea4052c-895d-4b64-9e2d-04d64c4d94ab - - - - -,[instance: 5683e2e2-d5e0-48b8-9f30-a2216254e851] During sync_power_state the instance has a pending task (spawning). Skip.,4,<*> During sync_power_state the instance has a pending task (spawning). Skip.,['[instance: 5683e2e2-d5e0-48b8-9f30-a2216254e851]']
773,nova-compute.log.2017-05-14_21:27:09,2017-05-14,19:44:55.784,2931,INFO,nova.compute.manager,req-3ea4052c-895d-4b64-9e2d-04d64c4d94ab - - - - -,[instance: 5683e2e2-d5e0-48b8-9f30-a2216254e851] VM Resumed (Lifecycle Event),2,<*> VM <*> (Lifecycle Event),"['[instance: 5683e2e2-d5e0-48b8-9f30-a2216254e851]', 'Resumed']"
774,nova-compute.log.2017-05-14_21:27:09,2017-05-14,19:44:55.809,2931,INFO,nova.compute.manager,req-032f4e41-9c1a-4dd7-ab3b-bb8368aa5bd1 113d3a99c3da401fbd62cc2caa5b96d2 54fadb412c4e40cdbaed9335e4c35a9e - - -,[instance: 5683e2e2-d5e0-48b8-9f30-a2216254e851] Took 20.77 seconds to build instance.,11,<*> Took <*>.<*> seconds to build instance.,"['[instance: 5683e2e2-d5e0-48b8-9f30-a2216254e851]', '20.77']"
775,nova-compute.log.2017-05-14_21:27:09,2017-05-14,19:44:56.357,2931,INFO,nova.compute.resource_tracker,req-addc1839-2ed5-4778-b57e-5854eb7b8b09 - - - - -,Auditing locally available compute resources for node cp-1.slowvm1.tcloud-pg0.utah.cloudlab.us,23,Auditing locally available compute resources for node cp-<*>.slowvm<*>.tcloud-pg<*>.utah.cloudlab.us,"['1', '1', '0']"
776,nova-compute.log.2017-05-14_21:27:09,2017-05-14,19:44:56.875,2931,INFO,nova.compute.resource_tracker,req-addc1839-2ed5-4778-b57e-5854eb7b8b09 - - - - -,"Total usable vcpus: 16, total allocated vcpus: 1",24,"Total usable vcpus: <*>, total allocated vcpus: <*>","['16', '1']"
777,nova-compute.log.2017-05-14_21:27:09,2017-05-14,19:44:56.876,2931,INFO,nova.compute.resource_tracker,req-addc1839-2ed5-4778-b57e-5854eb7b8b09 - - - - -,Final resource view: name=cp-1.slowvm1.tcloud-pg0.utah.cloudlab.us phys_ram=64172MB used_ram=2560MB phys_disk=15GB used_disk=20GB total_vcpus=16 used_vcpus=1 pci_stats=[],25,Final resource view: name=cp-<*>.slowvm<*>.tcloud-pg<*>.utah.cloudlab.us phys_ram=<*>MB used_ram=<*>MB phys_disk=<*>GB used_disk=<*>GB total_vcpus=<*> used_vcpus=<*> pci_stats=<*>,"['1', '1', '0', '64172', '2560', '15', '20', '16', '1', '[]']"
778,nova-compute.log.2017-05-14_21:27:09,2017-05-14,19:44:56.935,2931,INFO,nova.compute.resource_tracker,req-addc1839-2ed5-4778-b57e-5854eb7b8b09 - - - - -,Compute_service record updated for cp-1.slowvm1.tcloud-pg0.utah.cloudlab.us:cp-1.slowvm1.tcloud-pg0.utah.cloudlab.us,26,Compute_service record updated for cp-<*>.slowvm<*>.tcloud-pg<*>.utah.cloudlab.us:cp-<*>.slowvm<*>.tcloud-pg<*>.utah.cloudlab.us,"['1', '1', '0', '1', '1', '0']"
779,nova-api.log.2017-05-14_21:27:04,2017-05-14,19:44:57.010,25746,INFO,nova.osapi_compute.wsgi.server,req-c6da2d54-a87c-4e93-91b2-57dbd9c4415f 113d3a99c3da401fbd62cc2caa5b96d2 54fadb412c4e40cdbaed9335e4c35a9e - - -,"10.11.10.1 ""GET /v2/54fadb412c4e40cdbaed9335e4c35a9e/servers/detail HTTP/1.1"" status: 200 len: 1910 time: 0.2648950",0,<*> <*> <*>HTTP<*>status: <*> len: <*> time: <*>.<*>,"['10.11.10.1', '""GET /v2/54fadb412c4e40cdbaed9335e4c35a9e/servers/detail ', '/1.1"" ', '200', '1910', '0.2648950']"
780,nova-api.log.2017-05-14_21:27:04,2017-05-14,19:44:57.268,25746,INFO,nova.osapi_compute.wsgi.server,req-41ebcee6-cd35-45ad-96c1-4165b27b8f0f 113d3a99c3da401fbd62cc2caa5b96d2 54fadb412c4e40cdbaed9335e4c35a9e - - -,"10.11.10.1 ""GET /v2/54fadb412c4e40cdbaed9335e4c35a9e/servers/detail HTTP/1.1"" status: 200 len: 1910 time: 0.2535250",0,<*> <*> <*>HTTP<*>status: <*> len: <*> time: <*>.<*>,"['10.11.10.1', '""GET /v2/54fadb412c4e40cdbaed9335e4c35a9e/servers/detail ', '/1.1"" ', '200', '1910', '0.2535250']"
781,nova-api.log.2017-05-14_21:27:04,2017-05-14,19:44:58.492,25751,INFO,nova.osapi_compute.wsgi.server,req-daee47e9-2cd1-46b8-8842-a1c71930e9e4 d16a600c5e2a47fe98aee00ee4cb9743 e9746973ac574c6b8a9e8857f56a7608 - - -,"10.11.10.1 ""GET /v2/e9746973ac574c6b8a9e8857f56a7608/servers/detail?all_tenants=True&changes-since=2017-05-15T01%3A34%3A58.379551%2B00%3A00 HTTP/1.1"" status: 200 len: 15717 time: 0.3107798",0,<*> <*> <*>HTTP<*>status: <*> len: <*> time: <*>.<*>,"['10.11.10.1', '""GET /v2/e9746973ac574c6b8a9e8857f56a7608/servers/detail?all_tenants=True&changes-since=2017-05-15T01%3A34%3A58.379551%2B00%3A00 ', '/1.1"" ', '200', '15717', '0.3107798']"
782,nova-compute.log.2017-05-14_21:27:09,2017-05-14,19:45:00.138,2931,INFO,nova.virt.libvirt.imagecache,req-addc1839-2ed5-4778-b57e-5854eb7b8b09 - - - - -,image 0673dd71-34c5-4fbb-86c4-40623fbe45b4 at (/var/lib/nova/instances/_base/a489c868f0c37da93b76227c91bb03908ac0e742): checking,5,image <*>dd<*>-<*>c<*>-<*>fbb-<*>c<*>-<*>fbe<*>b<*> at (<*>checking,"['0673', '71-34', '5-4', '86c4', '40623', '45b4', '/var/lib/nova/instances/_base/a489c868f0c37da93b76227c91bb03908ac0e742): ']"
783,nova-compute.log.2017-05-14_21:27:09,2017-05-14,19:45:00.139,2931,INFO,nova.virt.libvirt.imagecache,req-addc1839-2ed5-4778-b57e-5854eb7b8b09 - - - - -,"image 0673dd71-34c5-4fbb-86c4-40623fbe45b4 at (/var/lib/nova/instances/_base/a489c868f0c37da93b76227c91bb03908ac0e742): in use: on this node 1 local, 0 on other nodes sharing this instance storage",6,"image <*>dd<*>-<*>c<*>-<*>fbb-<*>c<*>-<*>fbe<*>b<*> at (<*>in use: on this node <*> local, <*> on other nodes sharing this instance storage","['0673', '71-34', '5-4', '86c4', '40623', '45b4', '/var/lib/nova/instances/_base/a489c868f0c37da93b76227c91bb03908ac0e742): ', '1', '0']"
784,nova-compute.log.2017-05-14_21:27:09,2017-05-14,19:45:00.306,2931,INFO,nova.virt.libvirt.imagecache,req-addc1839-2ed5-4778-b57e-5854eb7b8b09 - - - - -,Active base files: /var/lib/nova/instances/_base/a489c868f0c37da93b76227c91bb03908ac0e742,7,<*> base <*> /var/lib/nova/instances/_base/a<*>c<*>f<*>c<*>da<*>b<*>c<*>bb<*>ac<*>e<*>,"['Active', 'files:', '489c868', '0c37', '93b76227', '91', '03908', '0e742']"
785,nova-api.log.2017-05-14_21:27:04,2017-05-14,19:45:02.329,25774,INFO,nova.metadata.wsgi.server,req-030f6da7-45db-4438-b7f1-4e0543512969 - - - - -,"10.11.11.233,10.11.10.1 ""GET /openstack/2012-08-10/meta_data.json HTTP/1.1"" status: 200 len: 264 time: 0.2284319",0,<*> <*> <*>HTTP<*>status: <*> len: <*> time: <*>.<*>,"['10.11.11.233,10.11.10.1', '""GET /openstack/2012-08-10/meta_data.json ', '/1.1"" ', '200', '264', '0.2284319']"
786,nova-api.log.2017-05-14_21:27:04,2017-05-14,19:45:02.642,25791,INFO,nova.metadata.wsgi.server,req-c87eca97-17b3-4d90-a352-ad55ffb218e9 - - - - -,"10.11.11.233,10.11.10.1 ""GET /openstack/2013-10-17 HTTP/1.1"" status: 200 len: 157 time: 0.2257061",0,<*> <*> <*>HTTP<*>status: <*> len: <*> time: <*>.<*>,"['10.11.11.233,10.11.10.1', '""GET /openstack/2013-10-17 ', '/1.1"" ', '200', '157', '0.2257061']"
787,nova-api.log.2017-05-14_21:27:04,2017-05-14,19:45:02.657,25774,INFO,nova.metadata.wsgi.server,-,"10.11.11.233,10.11.10.1 ""GET /openstack/2013-10-17/vendor_data.json HTTP/1.1"" status: 200 len: 124 time: 0.0006719",0,<*> <*> <*>HTTP<*>status: <*> len: <*> time: <*>.<*>,"['10.11.11.233,10.11.10.1', '""GET /openstack/2013-10-17/vendor_data.json ', '/1.1"" ', '200', '124', '0.0006719']"
788,nova-api.log.2017-05-14_21:27:04,2017-05-14,19:45:02.894,25775,INFO,nova.metadata.wsgi.server,req-8c5a8653-665c-4295-ba39-91b702e37def - - - - -,"10.11.11.233,10.11.10.1 ""GET /openstack/2013-10-17/vendor_data.json HTTP/1.1"" status: 200 len: 124 time: 0.2248971",0,<*> <*> <*>HTTP<*>status: <*> len: <*> time: <*>.<*>,"['10.11.11.233,10.11.10.1', '""GET /openstack/2013-10-17/vendor_data.json ', '/1.1"" ', '200', '124', '0.2248971']"
789,nova-api.log.2017-05-14_21:27:04,2017-05-14,19:45:02.906,25775,INFO,nova.metadata.wsgi.server,-,"10.11.11.233,10.11.10.1 ""GET /openstack/2013-10-17/user_data HTTP/1.1"" status: 404 len: 176 time: 0.0026059",0,<*> <*> <*>HTTP<*>status: <*> len: <*> time: <*>.<*>,"['10.11.11.233,10.11.10.1', '""GET /openstack/2013-10-17/user_data ', '/1.1"" ', '404', '176', '0.0026059']"
790,nova-api.log.2017-05-14_21:27:04,2017-05-14,19:45:03.220,25784,INFO,nova.metadata.wsgi.server,req-a6e03bda-9168-4a43-b24b-4f014f6ca401 - - - - -,"10.11.11.233,10.11.10.1 ""GET /openstack/2013-10-17/meta_data.json HTTP/1.1"" status: 200 len: 967 time: 0.2221038",0,<*> <*> <*>HTTP<*>status: <*> len: <*> time: <*>.<*>,"['10.11.11.233,10.11.10.1', '""GET /openstack/2013-10-17/meta_data.json ', '/1.1"" ', '200', '967', '0.2221038']"
791,nova-api.log.2017-05-14_21:27:04,2017-05-14,19:45:03.234,25784,INFO,nova.metadata.wsgi.server,-,"10.11.11.233,10.11.10.1 ""GET /openstack/2013-10-17/meta_data.json HTTP/1.1"" status: 200 len: 967 time: 0.0011230",0,<*> <*> <*>HTTP<*>status: <*> len: <*> time: <*>.<*>,"['10.11.11.233,10.11.10.1', '""GET /openstack/2013-10-17/meta_data.json ', '/1.1"" ', '200', '967', '0.0011230']"
792,nova-api.log.2017-05-14_21:27:04,2017-05-14,19:45:03.247,25784,INFO,nova.metadata.wsgi.server,-,"10.11.11.233,10.11.10.1 ""GET /latest/meta-data/ HTTP/1.1"" status: 200 len: 328 time: 0.0007079",0,<*> <*> <*>HTTP<*>status: <*> len: <*> time: <*>.<*>,"['10.11.11.233,10.11.10.1', '""GET /latest/meta-data/ ', '/1.1"" ', '200', '328', '0.0007079']"
793,nova-api.log.2017-05-14_21:27:04,2017-05-14,19:45:03.554,25746,INFO,nova.osapi_compute.wsgi.server,req-0daf2819-76e5-4375-b1e0-e2f424865a7f 113d3a99c3da401fbd62cc2caa5b96d2 54fadb412c4e40cdbaed9335e4c35a9e - - -,"10.11.10.1 ""DELETE /v2/54fadb412c4e40cdbaed9335e4c35a9e/servers/5683e2e2-d5e0-48b8-9f30-a2216254e851 HTTP/1.1"" status: 204 len: 203 time: 0.2751391",0,<*> <*> <*>HTTP<*>status: <*> len: <*> time: <*>.<*>,"['10.11.10.1', '""DELETE /v2/54fadb412c4e40cdbaed9335e4c35a9e/servers/5683e2e2-d5e0-48b8-9f30-a2216254e851 ', '/1.1"" ', '204', '203', '0.2751391']"
794,nova-compute.log.2017-05-14_21:27:09,2017-05-14,19:45:03.589,2931,INFO,nova.compute.manager,req-0daf2819-76e5-4375-b1e0-e2f424865a7f 113d3a99c3da401fbd62cc2caa5b96d2 54fadb412c4e40cdbaed9335e4c35a9e - - -,[instance: 5683e2e2-d5e0-48b8-9f30-a2216254e851] Terminating instance,12,<*> Terminating instance,['[instance: 5683e2e2-d5e0-48b8-9f30-a2216254e851]']
795,nova-api.log.2017-05-14_21:27:04,2017-05-14,19:45:03.593,25799,INFO,nova.metadata.wsgi.server,req-d9cdfed1-cf41-4ae6-bd4c-ece14de8f154 - - - - -,"10.11.11.233,10.11.10.1 ""GET /latest/meta-data/block-device-mapping/ HTTP/1.1"" status: 200 len: 124 time: 0.2411089",0,<*> <*> <*>HTTP<*>status: <*> len: <*> time: <*>.<*>,"['10.11.11.233,10.11.10.1', '""GET /latest/meta-data/block-device-mapping/ ', '/1.1"" ', '200', '124', '0.2411089']"
796,nova-compute.log.2017-05-14_21:27:09,2017-05-14,19:45:03.807,2931,INFO,nova.virt.libvirt.driver,-,[instance: 5683e2e2-d5e0-48b8-9f30-a2216254e851] Instance destroyed successfully.,9,<*> Instance <*> successfully.,"['[instance: 5683e2e2-d5e0-48b8-9f30-a2216254e851]', 'destroyed']"
797,nova-api.log.2017-05-14_21:27:04,2017-05-14,19:45:03.831,25746,INFO,nova.osapi_compute.wsgi.server,req-9ecda923-d833-42d2-af84-2995bf497c88 113d3a99c3da401fbd62cc2caa5b96d2 54fadb412c4e40cdbaed9335e4c35a9e - - -,"10.11.10.1 ""GET /v2/54fadb412c4e40cdbaed9335e4c35a9e/servers/detail HTTP/1.1"" status: 200 len: 1916 time: 0.2726760",0,<*> <*> <*>HTTP<*>status: <*> len: <*> time: <*>.<*>,"['10.11.10.1', '""GET /v2/54fadb412c4e40cdbaed9335e4c35a9e/servers/detail ', '/1.1"" ', '200', '1916', '0.2726760']"
798,nova-api.log.2017-05-14_21:27:04,2017-05-14,19:45:03.840,25783,INFO,nova.metadata.wsgi.server,req-a19ec4ed-a5c6-427a-90d9-c8f9d12a073b - - - - -,"10.11.11.233,10.11.10.1 ""GET /latest/meta-data/block-device-mapping/ami HTTP/1.1"" status: 200 len: 119 time: 0.2328229",0,<*> <*> <*>HTTP<*>status: <*> len: <*> time: <*>.<*>,"['10.11.11.233,10.11.10.1', '""GET /latest/meta-data/block-device-mapping/ami ', '/1.1"" ', '200', '119', '0.2328229']"
799,nova-compute.log.2017-05-14_21:27:09,2017-05-14,19:45:04.473,2931,INFO,nova.virt.libvirt.driver,req-0daf2819-76e5-4375-b1e0-e2f424865a7f 113d3a99c3da401fbd62cc2caa5b96d2 54fadb412c4e40cdbaed9335e4c35a9e - - -,[instance: 5683e2e2-d5e0-48b8-9f30-a2216254e851] Deleting instance files /var/lib/nova/instances/5683e2e2-d5e0-48b8-9f30-a2216254e851_del,13,<*> Deleting instance files <*>,"['[instance: 5683e2e2-d5e0-48b8-9f30-a2216254e851]', '/var/lib/nova/instances/5683e2e2-d5e0-48b8-9f30-a2216254e851_del']"
800,nova-compute.log.2017-05-14_21:27:09,2017-05-14,19:45:04.475,2931,INFO,nova.virt.libvirt.driver,req-0daf2819-76e5-4375-b1e0-e2f424865a7f 113d3a99c3da401fbd62cc2caa5b96d2 54fadb412c4e40cdbaed9335e4c35a9e - - -,[instance: 5683e2e2-d5e0-48b8-9f30-a2216254e851] Deletion of /var/lib/nova/instances/5683e2e2-d5e0-48b8-9f30-a2216254e851_del complete,14,<*> Deletion of <*>complete,"['[instance: 5683e2e2-d5e0-48b8-9f30-a2216254e851]', '/var/lib/nova/instances/5683e2e2-d5e0-48b8-9f30-a2216254e851_del ']"
801,nova-compute.log.2017-05-14_21:27:09,2017-05-14,19:45:04.594,2931,INFO,nova.compute.manager,req-0daf2819-76e5-4375-b1e0-e2f424865a7f 113d3a99c3da401fbd62cc2caa5b96d2 54fadb412c4e40cdbaed9335e4c35a9e - - -,[instance: 5683e2e2-d5e0-48b8-9f30-a2216254e851] Took 1.00 seconds to destroy the instance on the hypervisor.,10,<*> Took <*>.<*> seconds to <*> the instance on the hypervisor.,"['[instance: 5683e2e2-d5e0-48b8-9f30-a2216254e851]', '1.00', 'destroy']"
802,nova-api.log.2017-05-14_21:27:04,2017-05-14,19:45:05.029,25746,INFO,nova.osapi_compute.wsgi.server,req-4d557820-ea3f-48f3-b2ea-d1e97e4fc967 113d3a99c3da401fbd62cc2caa5b96d2 54fadb412c4e40cdbaed9335e4c35a9e - - -,"10.11.10.1 ""GET /v2/54fadb412c4e40cdbaed9335e4c35a9e/servers/detail HTTP/1.1"" status: 200 len: 1874 time: 0.1915152",0,<*> <*> <*>HTTP<*>status: <*> len: <*> time: <*>.<*>,"['10.11.10.1', '""GET /v2/54fadb412c4e40cdbaed9335e4c35a9e/servers/detail ', '/1.1"" ', '200', '1874', '0.1915152']"
803,nova-compute.log.2017-05-14_21:27:09,2017-05-14,19:45:05.080,2931,INFO,nova.compute.manager,req-0daf2819-76e5-4375-b1e0-e2f424865a7f 113d3a99c3da401fbd62cc2caa5b96d2 54fadb412c4e40cdbaed9335e4c35a9e - - -,[instance: 5683e2e2-d5e0-48b8-9f30-a2216254e851] Took 0.49 seconds to deallocate network for instance.,15,<*> Took <*>.<*> seconds to deallocate network for instance.,"['[instance: 5683e2e2-d5e0-48b8-9f30-a2216254e851]', '0.49']"
804,nova-compute.log.2017-05-14_21:27:09,2017-05-14,19:45:05.360,2931,INFO,nova.virt.libvirt.imagecache,req-addc1839-2ed5-4778-b57e-5854eb7b8b09 - - - - -,image 0673dd71-34c5-4fbb-86c4-40623fbe45b4 at (/var/lib/nova/instances/_base/a489c868f0c37da93b76227c91bb03908ac0e742): checking,5,image <*>dd<*>-<*>c<*>-<*>fbb-<*>c<*>-<*>fbe<*>b<*> at (<*>checking,"['0673', '71-34', '5-4', '86c4', '40623', '45b4', '/var/lib/nova/instances/_base/a489c868f0c37da93b76227c91bb03908ac0e742): ']"
805,nova-compute.log.2017-05-14_21:27:09,2017-05-14,19:45:05.361,2931,INFO,nova.virt.libvirt.imagecache,req-addc1839-2ed5-4778-b57e-5854eb7b8b09 - - - - -,"image 0673dd71-34c5-4fbb-86c4-40623fbe45b4 at (/var/lib/nova/instances/_base/a489c868f0c37da93b76227c91bb03908ac0e742): in use: on this node 1 local, 0 on other nodes sharing this instance storage",6,"image <*>dd<*>-<*>c<*>-<*>fbb-<*>c<*>-<*>fbe<*>b<*> at (<*>in use: on this node <*> local, <*> on other nodes sharing this instance storage","['0673', '71-34', '5-4', '86c4', '40623', '45b4', '/var/lib/nova/instances/_base/a489c868f0c37da93b76227c91bb03908ac0e742): ', '1', '0']"
806,nova-compute.log.2017-05-14_21:27:09,2017-05-14,19:45:05.466,2931,INFO,nova.virt.libvirt.imagecache,req-addc1839-2ed5-4778-b57e-5854eb7b8b09 - - - - -,Active base files: /var/lib/nova/instances/_base/a489c868f0c37da93b76227c91bb03908ac0e742,7,<*> base <*> /var/lib/nova/instances/_base/a<*>c<*>f<*>c<*>da<*>b<*>c<*>bb<*>ac<*>e<*>,"['Active', 'files:', '489c868', '0c37', '93b76227', '91', '03908', '0e742']"
807,nova-api.log.2017-05-14_21:27:04,2017-05-14,19:45:06.130,25746,INFO,nova.osapi_compute.wsgi.server,req-c0866303-cfd0-4e5c-b032-57a5143a461b 113d3a99c3da401fbd62cc2caa5b96d2 54fadb412c4e40cdbaed9335e4c35a9e - - -,"10.11.10.1 ""GET /v2/54fadb412c4e40cdbaed9335e4c35a9e/servers/detail HTTP/1.1"" status: 200 len: 211 time: 0.0961061",0,<*> <*> <*>HTTP<*>status: <*> len: <*> time: <*>.<*>,"['10.11.10.1', '""GET /v2/54fadb412c4e40cdbaed9335e4c35a9e/servers/detail ', '/1.1"" ', '200', '211', '0.0961061']"
808,nova-api.log.2017-05-14_21:27:04,2017-05-14,19:45:07.095,25746,INFO,nova.api.openstack.wsgi,req-014a5cd6-acfc-4d6b-a90c-7febd52ec391 f7b8d1f1d4d44643b07fa10ca7d021fb e9746973ac574c6b8a9e8857f56a7608 - - -,HTTP exception thrown: No instances found for any event,16,HTTP exception thrown: No instances found for any event,[]
809,nova-api.log.2017-05-14_21:27:04,2017-05-14,19:45:07.097,25746,INFO,nova.osapi_compute.wsgi.server,req-014a5cd6-acfc-4d6b-a90c-7febd52ec391 f7b8d1f1d4d44643b07fa10ca7d021fb e9746973ac574c6b8a9e8857f56a7608 - - -,"10.11.10.1 ""POST /v2/e9746973ac574c6b8a9e8857f56a7608/os-server-external-events HTTP/1.1"" status: 404 len: 296 time: 0.0942588",0,<*> <*> <*>HTTP<*>status: <*> len: <*> time: <*>.<*>,"['10.11.10.1', '""POST /v2/e9746973ac574c6b8a9e8857f56a7608/os-server-external-events ', '/1.1"" ', '404', '296', '0.0942588']"
810,nova-compute.log.2017-05-14_21:27:09,2017-05-14,19:45:10.495,2931,WARNING,nova.virt.libvirt.imagecache,req-addc1839-2ed5-4778-b57e-5854eb7b8b09 - - - - -,Unknown base file: /var/lib/nova/instances/_base/a489c868f0c37da93b76227c91bb03908ac0e742,7,<*> base <*> /var/lib/nova/instances/_base/a<*>c<*>f<*>c<*>da<*>b<*>c<*>bb<*>ac<*>e<*>,"['Unknown', 'file:', '489c868', '0c37', '93b76227', '91', '03908', '0e742']"
811,nova-compute.log.2017-05-14_21:27:09,2017-05-14,19:45:10.496,2931,INFO,nova.virt.libvirt.imagecache,req-addc1839-2ed5-4778-b57e-5854eb7b8b09 - - - - -,Removable base files: /var/lib/nova/instances/_base/a489c868f0c37da93b76227c91bb03908ac0e742,7,<*> base <*> /var/lib/nova/instances/_base/a<*>c<*>f<*>c<*>da<*>b<*>c<*>bb<*>ac<*>e<*>,"['Removable', 'files:', '489c868', '0c37', '93b76227', '91', '03908', '0e742']"
812,nova-compute.log.2017-05-14_21:27:09,2017-05-14,19:45:10.497,2931,INFO,nova.virt.libvirt.imagecache,req-addc1839-2ed5-4778-b57e-5854eb7b8b09 - - - - -,Removing base or swap file: /var/lib/nova/instances/_base/a489c868f0c37da93b76227c91bb03908ac0e742,17,Removing base or swap file: /var/lib/nova/instances/_base/a<*>c<*>f<*>c<*>da<*>b<*>c<*>bb<*>ac<*>e<*>,"['489c868', '0c37', '93b76227', '91', '03908', '0e742']"
813,nova-api.log.2017-05-14_21:27:04,2017-05-14,19:45:11.608,25740,INFO,nova.osapi_compute.wsgi.server,req-aff52c61-eecf-4fd8-8b84-b7060bd8e809 d16a600c5e2a47fe98aee00ee4cb9743 e9746973ac574c6b8a9e8857f56a7608 - - -,"10.11.10.2 ""GET /v2/e9746973ac574c6b8a9e8857f56a7608/servers/detail?all_tenants=True&changes-since=2017-05-15T01%3A35%3A11.378343%2B00%3A00&host=cp-1.slowvm1.tcloud-pg0.utah.cloudlab.us HTTP/1.1"" status: 200 len: 15552 time: 0.2255919",0,<*> <*> <*>HTTP<*>status: <*> len: <*> time: <*>.<*>,"['10.11.10.2', '""GET /v2/e9746973ac574c6b8a9e8857f56a7608/servers/detail?all_tenants=True&changes-since=2017-05-15T01%3A35%3A11.378343%2B00%3A00&host=cp-1.slowvm1.tcloud-pg0.utah.cloudlab.us ', '/1.1"" ', '200', '15552', '0.2255919']"
814,nova-api.log.2017-05-14_21:27:04,2017-05-14,19:45:11.676,25740,INFO,nova.osapi_compute.wsgi.server,req-65fb4bb4-0e58-418e-83a2-73b797be43a1 d16a600c5e2a47fe98aee00ee4cb9743 e9746973ac574c6b8a9e8857f56a7608 - - -,"10.11.10.2 ""GET /v2/e9746973ac574c6b8a9e8857f56a7608/flavors/2 HTTP/1.1"" status: 200 len: 604 time: 0.0615630",0,<*> <*> <*>HTTP<*>status: <*> len: <*> time: <*>.<*>,"['10.11.10.2', '""GET /v2/e9746973ac574c6b8a9e8857f56a7608/flavors/2 ', '/1.1"" ', '200', '604', '0.0615630']"
815,nova-api.log.2017-05-14_21:27:04,2017-05-14,19:45:12.002,25740,INFO,nova.osapi_compute.wsgi.server,req-61046ba0-7e98-4f08-82d4-103a9d5ab2f7 d16a600c5e2a47fe98aee00ee4cb9743 e9746973ac574c6b8a9e8857f56a7608 - - -,"10.11.10.2 ""GET /v2/e9746973ac574c6b8a9e8857f56a7608/images/0673dd71-34c5-4fbb-86c4-40623fbe45b4 HTTP/1.1"" status: 200 len: 868 time: 0.3222260",0,<*> <*> <*>HTTP<*>status: <*> len: <*> time: <*>.<*>,"['10.11.10.2', '""GET /v2/e9746973ac574c6b8a9e8857f56a7608/images/0673dd71-34c5-4fbb-86c4-40623fbe45b4 ', '/1.1"" ', '200', '868', '0.3222260']"
816,nova-api.log.2017-05-14_21:27:04,2017-05-14,19:45:16.603,25746,INFO,nova.osapi_compute.wsgi.server,req-53b18dc4-310b-4350-be64-7e464422dc96 113d3a99c3da401fbd62cc2caa5b96d2 54fadb412c4e40cdbaed9335e4c35a9e - - -,"10.11.10.1 ""POST /v2/54fadb412c4e40cdbaed9335e4c35a9e/servers HTTP/1.1"" status: 202 len: 733 time: 0.4593499",0,<*> <*> <*>HTTP<*>status: <*> len: <*> time: <*>.<*>,"['10.11.10.1', '""POST /v2/54fadb412c4e40cdbaed9335e4c35a9e/servers ', '/1.1"" ', '202', '733', '0.4593499']"
817,nova-api.log.2017-05-14_21:27:04,2017-05-14,19:45:16.795,25746,INFO,nova.osapi_compute.wsgi.server,req-cdf2292b-4b99-4f71-9dcd-b215fdbb6280 113d3a99c3da401fbd62cc2caa5b96d2 54fadb412c4e40cdbaed9335e4c35a9e - - -,"10.11.10.1 ""GET /v2/54fadb412c4e40cdbaed9335e4c35a9e/servers/detail HTTP/1.1"" status: 200 len: 1583 time: 0.1880741",0,<*> <*> <*>HTTP<*>status: <*> len: <*> time: <*>.<*>,"['10.11.10.1', '""GET /v2/54fadb412c4e40cdbaed9335e4c35a9e/servers/detail ', '/1.1"" ', '200', '1583', '0.1880741']"
818,nova-compute.log.2017-05-14_21:27:09,2017-05-14,19:45:16.906,2931,INFO,nova.compute.claims,req-53b18dc4-310b-4350-be64-7e464422dc96 113d3a99c3da401fbd62cc2caa5b96d2 54fadb412c4e40cdbaed9335e4c35a9e - - -,"[instance: 53a49cc8-0870-47f1-a33c-8bdb40a4a5fa] Attempting claim: memory 2048 MB, disk 20 GB, vcpus 1 CPU",18,"<*> Attempting claim: memory <*> MB, disk <*> GB, vcpus <*> CPU","['[instance: 53a49cc8-0870-47f1-a33c-8bdb40a4a5fa]', '2048', '20', '1']"
819,nova-compute.log.2017-05-14_21:27:09,2017-05-14,19:45:16.907,2931,INFO,nova.compute.claims,req-53b18dc4-310b-4350-be64-7e464422dc96 113d3a99c3da401fbd62cc2caa5b96d2 54fadb412c4e40cdbaed9335e4c35a9e - - -,"[instance: 53a49cc8-0870-47f1-a33c-8bdb40a4a5fa] Total memory: 64172 MB, used: 512.00 MB",19,"<*> <*> <*> <*> MB, <*> <*>.<*> MB","['[instance:', '53a49cc8-0870-47f1-a33c-8bdb40a4a5fa] Total memory: 64172', 'used: 512', '00']"
820,nova-compute.log.2017-05-14_21:27:09,2017-05-14,19:45:16.908,2931,INFO,nova.compute.claims,req-53b18dc4-310b-4350-be64-7e464422dc96 113d3a99c3da401fbd62cc2caa5b96d2 54fadb412c4e40cdbaed9335e4c35a9e - - -,"[instance: 53a49cc8-0870-47f1-a33c-8bdb40a4a5fa] memory limit: 96258.00 MB, free: 95746.00 MB",19,"<*> <*> <*> <*> MB, <*> <*>.<*> MB","['[instance:', '53a49cc8-0870-47f1-a33c-8bdb40a4a5fa] memory limit: 96258.00', 'free: 95746', '00']"
821,nova-compute.log.2017-05-14_21:27:09,2017-05-14,19:45:16.909,2931,INFO,nova.compute.claims,req-53b18dc4-310b-4350-be64-7e464422dc96 113d3a99c3da401fbd62cc2caa5b96d2 54fadb412c4e40cdbaed9335e4c35a9e - - -,"[instance: 53a49cc8-0870-47f1-a33c-8bdb40a4a5fa] Total disk: 15 GB, used: 0.00 GB",20,<*> Total <*> <*> <*> used: <*>.<*> <*>,"['[instance: 53a49cc8-0870-47f1-a33c-8bdb40a4a5fa]', 'disk:', '15 GB,', '0.00', 'GB']"
822,nova-compute.log.2017-05-14_21:27:09,2017-05-14,19:45:16.909,2931,INFO,nova.compute.claims,req-53b18dc4-310b-4350-be64-7e464422dc96 113d3a99c3da401fbd62cc2caa5b96d2 54fadb412c4e40cdbaed9335e4c35a9e - - -,"[instance: 53a49cc8-0870-47f1-a33c-8bdb40a4a5fa] disk limit not specified, defaulting to unlimited",21,"<*> <*> limit not specified, defaulting to unlimited",['[instance: 53a49cc8-0870-47f1-a33c-8bdb40a4a5fa] disk']
823,nova-compute.log.2017-05-14_21:27:09,2017-05-14,19:45:16.909,2931,INFO,nova.compute.claims,req-53b18dc4-310b-4350-be64-7e464422dc96 113d3a99c3da401fbd62cc2caa5b96d2 54fadb412c4e40cdbaed9335e4c35a9e - - -,"[instance: 53a49cc8-0870-47f1-a33c-8bdb40a4a5fa] Total vcpu: 16 VCPU, used: 0.00 VCPU",20,<*> Total <*> <*> <*> used: <*>.<*> <*>,"['[instance: 53a49cc8-0870-47f1-a33c-8bdb40a4a5fa]', 'vcpu:', '16 VCPU,', '0.00', 'VCPU']"
824,nova-compute.log.2017-05-14_21:27:09,2017-05-14,19:45:16.910,2931,INFO,nova.compute.claims,req-53b18dc4-310b-4350-be64-7e464422dc96 113d3a99c3da401fbd62cc2caa5b96d2 54fadb412c4e40cdbaed9335e4c35a9e - - -,"[instance: 53a49cc8-0870-47f1-a33c-8bdb40a4a5fa] vcpu limit not specified, defaulting to unlimited",21,"<*> <*> limit not specified, defaulting to unlimited",['[instance: 53a49cc8-0870-47f1-a33c-8bdb40a4a5fa] vcpu']
825,nova-compute.log.2017-05-14_21:27:09,2017-05-14,19:45:16.942,2931,INFO,nova.compute.claims,req-53b18dc4-310b-4350-be64-7e464422dc96 113d3a99c3da401fbd62cc2caa5b96d2 54fadb412c4e40cdbaed9335e4c35a9e - - -,[instance: 53a49cc8-0870-47f1-a33c-8bdb40a4a5fa] Claim successful,22,<*> Claim successful,['[instance: 53a49cc8-0870-47f1-a33c-8bdb40a4a5fa]']
826,nova-api.log.2017-05-14_21:27:04,2017-05-14,19:45:16.987,25746,INFO,nova.osapi_compute.wsgi.server,req-54f72d9d-f6dd-44fa-bb4c-33df0aaee5cc 113d3a99c3da401fbd62cc2caa5b96d2 54fadb412c4e40cdbaed9335e4c35a9e - - -,"10.11.10.1 ""GET /v2/54fadb412c4e40cdbaed9335e4c35a9e/servers/detail HTTP/1.1"" status: 200 len: 1583 time: 0.1877131",0,<*> <*> <*>HTTP<*>status: <*> len: <*> time: <*>.<*>,"['10.11.10.1', '""GET /v2/54fadb412c4e40cdbaed9335e4c35a9e/servers/detail ', '/1.1"" ', '200', '1583', '0.1877131']"
827,nova-api.log.2017-05-14_21:27:04,2017-05-14,19:45:17.181,25746,INFO,nova.osapi_compute.wsgi.server,req-8f488ca2-c631-40a1-b886-5c8f72256a56 113d3a99c3da401fbd62cc2caa5b96d2 54fadb412c4e40cdbaed9335e4c35a9e - - -,"10.11.10.1 ""GET /v2/54fadb412c4e40cdbaed9335e4c35a9e/servers/53a49cc8-0870-47f1-a33c-8bdb40a4a5fa HTTP/1.1"" status: 200 len: 1708 time: 0.1906140",0,<*> <*> <*>HTTP<*>status: <*> len: <*> time: <*>.<*>,"['10.11.10.1', '""GET /v2/54fadb412c4e40cdbaed9335e4c35a9e/servers/53a49cc8-0870-47f1-a33c-8bdb40a4a5fa ', '/1.1"" ', '200', '1708', '0.1906140']"
828,nova-compute.log.2017-05-14_21:27:09,2017-05-14,19:45:17.562,2931,INFO,nova.virt.libvirt.driver,req-53b18dc4-310b-4350-be64-7e464422dc96 113d3a99c3da401fbd62cc2caa5b96d2 54fadb412c4e40cdbaed9335e4c35a9e - - -,[instance: 53a49cc8-0870-47f1-a33c-8bdb40a4a5fa] Creating image,1,<*> Creating image,['[instance: 53a49cc8-0870-47f1-a33c-8bdb40a4a5fa]']
829,nova-api.log.2017-05-14_21:27:04,2017-05-14,19:45:18.557,25746,INFO,nova.osapi_compute.wsgi.server,req-cbfb5be1-86d3-4920-a321-980d7c54c8dd 113d3a99c3da401fbd62cc2caa5b96d2 54fadb412c4e40cdbaed9335e4c35a9e - - -,"10.11.10.1 ""GET /v2/54fadb412c4e40cdbaed9335e4c35a9e/servers/detail HTTP/1.1"" status: 200 len: 1759 time: 0.3710189",0,<*> <*> <*>HTTP<*>status: <*> len: <*> time: <*>.<*>,"['10.11.10.1', '""GET /v2/54fadb412c4e40cdbaed9335e4c35a9e/servers/detail ', '/1.1"" ', '200', '1759', '0.3710189']"
830,nova-api.log.2017-05-14_21:27:04,2017-05-14,19:45:18.823,25746,INFO,nova.osapi_compute.wsgi.server,req-0d655f75-de19-46ea-82b0-5933e8b72538 113d3a99c3da401fbd62cc2caa5b96d2 54fadb412c4e40cdbaed9335e4c35a9e - - -,"10.11.10.1 ""GET /v2/54fadb412c4e40cdbaed9335e4c35a9e/servers/detail HTTP/1.1"" status: 200 len: 1759 time: 0.2619178",0,<*> <*> <*>HTTP<*>status: <*> len: <*> time: <*>.<*>,"['10.11.10.1', '""GET /v2/54fadb412c4e40cdbaed9335e4c35a9e/servers/detail ', '/1.1"" ', '200', '1759', '0.2619178']"
831,nova-compute.log.2017-05-14_21:27:09,2017-05-14,19:45:18.898,2931,INFO,nova.compute.manager,-,[instance: 5683e2e2-d5e0-48b8-9f30-a2216254e851] VM Stopped (Lifecycle Event),2,<*> VM <*> (Lifecycle Event),"['[instance: 5683e2e2-d5e0-48b8-9f30-a2216254e851]', 'Stopped']"
832,nova-api.log.2017-05-14_21:27:04,2017-05-14,19:45:20.086,25746,INFO,nova.osapi_compute.wsgi.server,req-35436d21-e6fc-4adc-b9f1-f5f951a66265 113d3a99c3da401fbd62cc2caa5b96d2 54fadb412c4e40cdbaed9335e4c35a9e - - -,"10.11.10.1 ""GET /v2/54fadb412c4e40cdbaed9335e4c35a9e/servers/detail HTTP/1.1"" status: 200 len: 1893 time: 0.2571981",0,<*> <*> <*>HTTP<*>status: <*> len: <*> time: <*>.<*>,"['10.11.10.1', '""GET /v2/54fadb412c4e40cdbaed9335e4c35a9e/servers/detail ', '/1.1"" ', '200', '1893', '0.2571981']"
833,nova-api.log.2017-05-14_21:27:04,2017-05-14,19:45:20.348,25746,INFO,nova.osapi_compute.wsgi.server,req-deaef8c2-455d-471f-98cd-e3124d1f829a 113d3a99c3da401fbd62cc2caa5b96d2 54fadb412c4e40cdbaed9335e4c35a9e - - -,"10.11.10.1 ""GET /v2/54fadb412c4e40cdbaed9335e4c35a9e/servers/detail HTTP/1.1"" status: 200 len: 1893 time: 0.2566462",0,<*> <*> <*>HTTP<*>status: <*> len: <*> time: <*>.<*>,"['10.11.10.1', '""GET /v2/54fadb412c4e40cdbaed9335e4c35a9e/servers/detail ', '/1.1"" ', '200', '1893', '0.2566462']"
834,nova-api.log.2017-05-14_21:27:04,2017-05-14,19:45:21.620,25746,INFO,nova.osapi_compute.wsgi.server,req-cb59a19f-5faf-4b28-998d-023f2828dbc8 113d3a99c3da401fbd62cc2caa5b96d2 54fadb412c4e40cdbaed9335e4c35a9e - - -,"10.11.10.1 ""GET /v2/54fadb412c4e40cdbaed9335e4c35a9e/servers/detail HTTP/1.1"" status: 200 len: 1893 time: 0.2676721",0,<*> <*> <*>HTTP<*>status: <*> len: <*> time: <*>.<*>,"['10.11.10.1', '""GET /v2/54fadb412c4e40cdbaed9335e4c35a9e/servers/detail ', '/1.1"" ', '200', '1893', '0.2676721']"
835,nova-api.log.2017-05-14_21:27:04,2017-05-14,19:45:21.876,25746,INFO,nova.osapi_compute.wsgi.server,req-9c130a5f-5f9d-4c0c-acfd-cbd7daab6c75 113d3a99c3da401fbd62cc2caa5b96d2 54fadb412c4e40cdbaed9335e4c35a9e - - -,"10.11.10.1 ""GET /v2/54fadb412c4e40cdbaed9335e4c35a9e/servers/detail HTTP/1.1"" status: 200 len: 1893 time: 0.2511849",0,<*> <*> <*>HTTP<*>status: <*> len: <*> time: <*>.<*>,"['10.11.10.1', '""GET /v2/54fadb412c4e40cdbaed9335e4c35a9e/servers/detail ', '/1.1"" ', '200', '1893', '0.2511849']"
836,nova-api.log.2017-05-14_21:27:04,2017-05-14,19:45:23.147,25746,INFO,nova.osapi_compute.wsgi.server,req-4918dbe1-003f-4bf2-8496-a64bef54df2d 113d3a99c3da401fbd62cc2caa5b96d2 54fadb412c4e40cdbaed9335e4c35a9e - - -,"10.11.10.1 ""GET /v2/54fadb412c4e40cdbaed9335e4c35a9e/servers/detail HTTP/1.1"" status: 200 len: 1893 time: 0.2649691",0,<*> <*> <*>HTTP<*>status: <*> len: <*> time: <*>.<*>,"['10.11.10.1', '""GET /v2/54fadb412c4e40cdbaed9335e4c35a9e/servers/detail ', '/1.1"" ', '200', '1893', '0.2649691']"
837,nova-api.log.2017-05-14_21:27:04,2017-05-14,19:45:23.429,25746,INFO,nova.osapi_compute.wsgi.server,req-d640c6f8-8ec2-4d62-98fe-ba658e1b8dde 113d3a99c3da401fbd62cc2caa5b96d2 54fadb412c4e40cdbaed9335e4c35a9e - - -,"10.11.10.1 ""GET /v2/54fadb412c4e40cdbaed9335e4c35a9e/servers/detail HTTP/1.1"" status: 200 len: 1893 time: 0.2783790",0,<*> <*> <*>HTTP<*>status: <*> len: <*> time: <*>.<*>,"['10.11.10.1', '""GET /v2/54fadb412c4e40cdbaed9335e4c35a9e/servers/detail ', '/1.1"" ', '200', '1893', '0.2783790']"
838,nova-api.log.2017-05-14_21:27:04,2017-05-14,19:45:24.690,25746,INFO,nova.osapi_compute.wsgi.server,req-c61b4162-882e-47d1-8e09-00eed52cf267 113d3a99c3da401fbd62cc2caa5b96d2 54fadb412c4e40cdbaed9335e4c35a9e - - -,"10.11.10.1 ""GET /v2/54fadb412c4e40cdbaed9335e4c35a9e/servers/detail HTTP/1.1"" status: 200 len: 1893 time: 0.2556739",0,<*> <*> <*>HTTP<*>status: <*> len: <*> time: <*>.<*>,"['10.11.10.1', '""GET /v2/54fadb412c4e40cdbaed9335e4c35a9e/servers/detail ', '/1.1"" ', '200', '1893', '0.2556739']"
839,nova-api.log.2017-05-14_21:27:04,2017-05-14,19:45:24.947,25746,INFO,nova.osapi_compute.wsgi.server,req-86e7e67d-d1fa-4351-b6e4-f7dbacff540d 113d3a99c3da401fbd62cc2caa5b96d2 54fadb412c4e40cdbaed9335e4c35a9e - - -,"10.11.10.1 ""GET /v2/54fadb412c4e40cdbaed9335e4c35a9e/servers/detail HTTP/1.1"" status: 200 len: 1893 time: 0.2517369",0,<*> <*> <*>HTTP<*>status: <*> len: <*> time: <*>.<*>,"['10.11.10.1', '""GET /v2/54fadb412c4e40cdbaed9335e4c35a9e/servers/detail ', '/1.1"" ', '200', '1893', '0.2517369']"
840,nova-api.log.2017-05-14_21:27:04,2017-05-14,19:45:26.209,25746,INFO,nova.osapi_compute.wsgi.server,req-4f5352c0-658f-4aef-ba2e-5c99ab217c01 113d3a99c3da401fbd62cc2caa5b96d2 54fadb412c4e40cdbaed9335e4c35a9e - - -,"10.11.10.1 ""GET /v2/54fadb412c4e40cdbaed9335e4c35a9e/servers/detail HTTP/1.1"" status: 200 len: 1893 time: 0.2561409",0,<*> <*> <*>HTTP<*>status: <*> len: <*> time: <*>.<*>,"['10.11.10.1', '""GET /v2/54fadb412c4e40cdbaed9335e4c35a9e/servers/detail ', '/1.1"" ', '200', '1893', '0.2561409']"
841,nova-api.log.2017-05-14_21:27:04,2017-05-14,19:45:26.466,25746,INFO,nova.osapi_compute.wsgi.server,req-7d372c9c-5cfc-4667-b78c-169f5f1d1afa 113d3a99c3da401fbd62cc2caa5b96d2 54fadb412c4e40cdbaed9335e4c35a9e - - -,"10.11.10.1 ""GET /v2/54fadb412c4e40cdbaed9335e4c35a9e/servers/detail HTTP/1.1"" status: 200 len: 1893 time: 0.2530231",0,<*> <*> <*>HTTP<*>status: <*> len: <*> time: <*>.<*>,"['10.11.10.1', '""GET /v2/54fadb412c4e40cdbaed9335e4c35a9e/servers/detail ', '/1.1"" ', '200', '1893', '0.2530231']"
842,nova-api.log.2017-05-14_21:27:04,2017-05-14,19:45:27.726,25746,INFO,nova.osapi_compute.wsgi.server,req-f37140da-da9b-4ed5-874a-c829b528224a 113d3a99c3da401fbd62cc2caa5b96d2 54fadb412c4e40cdbaed9335e4c35a9e - - -,"10.11.10.1 ""GET /v2/54fadb412c4e40cdbaed9335e4c35a9e/servers/detail HTTP/1.1"" status: 200 len: 1893 time: 0.2527521",0,<*> <*> <*>HTTP<*>status: <*> len: <*> time: <*>.<*>,"['10.11.10.1', '""GET /v2/54fadb412c4e40cdbaed9335e4c35a9e/servers/detail ', '/1.1"" ', '200', '1893', '0.2527521']"
843,nova-api.log.2017-05-14_21:27:04,2017-05-14,19:45:27.984,25746,INFO,nova.osapi_compute.wsgi.server,req-33e61b25-8287-445f-8aad-126dbb23e922 113d3a99c3da401fbd62cc2caa5b96d2 54fadb412c4e40cdbaed9335e4c35a9e - - -,"10.11.10.1 ""GET /v2/54fadb412c4e40cdbaed9335e4c35a9e/servers/detail HTTP/1.1"" status: 200 len: 1893 time: 0.2539370",0,<*> <*> <*>HTTP<*>status: <*> len: <*> time: <*>.<*>,"['10.11.10.1', '""GET /v2/54fadb412c4e40cdbaed9335e4c35a9e/servers/detail ', '/1.1"" ', '200', '1893', '0.2539370']"
844,nova-api.log.2017-05-14_21:27:04,2017-05-14,19:45:29.273,25746,INFO,nova.osapi_compute.wsgi.server,req-fbc6e6c6-fe69-411b-8da5-6bc0864adcf8 113d3a99c3da401fbd62cc2caa5b96d2 54fadb412c4e40cdbaed9335e4c35a9e - - -,"10.11.10.1 ""GET /v2/54fadb412c4e40cdbaed9335e4c35a9e/servers/detail HTTP/1.1"" status: 200 len: 1893 time: 0.2835319",0,<*> <*> <*>HTTP<*>status: <*> len: <*> time: <*>.<*>,"['10.11.10.1', '""GET /v2/54fadb412c4e40cdbaed9335e4c35a9e/servers/detail ', '/1.1"" ', '200', '1893', '0.2835319']"
845,nova-api.log.2017-05-14_21:27:04,2017-05-14,19:45:29.546,25746,INFO,nova.osapi_compute.wsgi.server,req-eb9b5b41-110b-40e2-811c-69dad70008be 113d3a99c3da401fbd62cc2caa5b96d2 54fadb412c4e40cdbaed9335e4c35a9e - - -,"10.11.10.1 ""GET /v2/54fadb412c4e40cdbaed9335e4c35a9e/servers/detail HTTP/1.1"" status: 200 len: 1893 time: 0.2679200",0,<*> <*> <*>HTTP<*>status: <*> len: <*> time: <*>.<*>,"['10.11.10.1', '""GET /v2/54fadb412c4e40cdbaed9335e4c35a9e/servers/detail ', '/1.1"" ', '200', '1893', '0.2679200']"
846,nova-compute.log.2017-05-14_21:27:09,2017-05-14,19:45:30.801,2931,INFO,nova.compute.manager,req-3ea4052c-895d-4b64-9e2d-04d64c4d94ab - - - - -,[instance: 53a49cc8-0870-47f1-a33c-8bdb40a4a5fa] VM Started (Lifecycle Event),2,<*> VM <*> (Lifecycle Event),"['[instance: 53a49cc8-0870-47f1-a33c-8bdb40a4a5fa]', 'Started']"
847,nova-api.log.2017-05-14_21:27:04,2017-05-14,19:45:30.819,25746,INFO,nova.osapi_compute.wsgi.server,req-7d20c006-5acf-414e-a185-33373520b893 113d3a99c3da401fbd62cc2caa5b96d2 54fadb412c4e40cdbaed9335e4c35a9e - - -,"10.11.10.1 ""GET /v2/54fadb412c4e40cdbaed9335e4c35a9e/servers/detail HTTP/1.1"" status: 200 len: 1893 time: 0.2668152",0,<*> <*> <*>HTTP<*>status: <*> len: <*> time: <*>.<*>,"['10.11.10.1', '""GET /v2/54fadb412c4e40cdbaed9335e4c35a9e/servers/detail ', '/1.1"" ', '200', '1893', '0.2668152']"
848,nova-compute.log.2017-05-14_21:27:09,2017-05-14,19:45:30.830,2931,INFO,nova.virt.libvirt.imagecache,req-addc1839-2ed5-4778-b57e-5854eb7b8b09 - - - - -,image 0673dd71-34c5-4fbb-86c4-40623fbe45b4 at (/var/lib/nova/instances/_base/a489c868f0c37da93b76227c91bb03908ac0e742): checking,5,image <*>dd<*>-<*>c<*>-<*>fbb-<*>c<*>-<*>fbe<*>b<*> at (<*>checking,"['0673', '71-34', '5-4', '86c4', '40623', '45b4', '/var/lib/nova/instances/_base/a489c868f0c37da93b76227c91bb03908ac0e742): ']"
849,nova-compute.log.2017-05-14_21:27:09,2017-05-14,19:45:30.831,2931,INFO,nova.virt.libvirt.imagecache,req-addc1839-2ed5-4778-b57e-5854eb7b8b09 - - - - -,"image 0673dd71-34c5-4fbb-86c4-40623fbe45b4 at (/var/lib/nova/instances/_base/a489c868f0c37da93b76227c91bb03908ac0e742): in use: on this node 1 local, 0 on other nodes sharing this instance storage",6,"image <*>dd<*>-<*>c<*>-<*>fbb-<*>c<*>-<*>fbe<*>b<*> at (<*>in use: on this node <*> local, <*> on other nodes sharing this instance storage","['0673', '71-34', '5-4', '86c4', '40623', '45b4', '/var/lib/nova/instances/_base/a489c868f0c37da93b76227c91bb03908ac0e742): ', '1', '0']"
850,nova-compute.log.2017-05-14_21:27:09,2017-05-14,19:45:30.870,2931,INFO,nova.compute.manager,req-3ea4052c-895d-4b64-9e2d-04d64c4d94ab - - - - -,[instance: 53a49cc8-0870-47f1-a33c-8bdb40a4a5fa] VM Paused (Lifecycle Event),2,<*> VM <*> (Lifecycle Event),"['[instance: 53a49cc8-0870-47f1-a33c-8bdb40a4a5fa]', 'Paused']"
851,nova-compute.log.2017-05-14_21:27:09,2017-05-14,19:45:30.994,2931,INFO,nova.compute.manager,req-3ea4052c-895d-4b64-9e2d-04d64c4d94ab - - - - -,[instance: 53a49cc8-0870-47f1-a33c-8bdb40a4a5fa] During sync_power_state the instance has a pending task (spawning). Skip.,4,<*> During sync_power_state the instance has a pending task (spawning). Skip.,['[instance: 53a49cc8-0870-47f1-a33c-8bdb40a4a5fa]']
852,nova-compute.log.2017-05-14_21:27:09,2017-05-14,19:45:31.013,2931,INFO,nova.virt.libvirt.imagecache,req-addc1839-2ed5-4778-b57e-5854eb7b8b09 - - - - -,Active base files: /var/lib/nova/instances/_base/a489c868f0c37da93b76227c91bb03908ac0e742,7,<*> base <*> /var/lib/nova/instances/_base/a<*>c<*>f<*>c<*>da<*>b<*>c<*>bb<*>ac<*>e<*>,"['Active', 'files:', '489c868', '0c37', '93b76227', '91', '03908', '0e742']"
853,nova-api.log.2017-05-14_21:27:04,2017-05-14,19:45:31.073,25746,INFO,nova.osapi_compute.wsgi.server,req-a2478ff8-fff3-48bd-adaa-ca3db52306f3 113d3a99c3da401fbd62cc2caa5b96d2 54fadb412c4e40cdbaed9335e4c35a9e - - -,"10.11.10.1 ""GET /v2/54fadb412c4e40cdbaed9335e4c35a9e/servers/detail HTTP/1.1"" status: 200 len: 1893 time: 0.2496200",0,<*> <*> <*>HTTP<*>status: <*> len: <*> time: <*>.<*>,"['10.11.10.1', '""GET /v2/54fadb412c4e40cdbaed9335e4c35a9e/servers/detail ', '/1.1"" ', '200', '1893', '0.2496200']"
854,nova-api.log.2017-05-14_21:27:04,2017-05-14,19:45:32.346,25746,INFO,nova.osapi_compute.wsgi.server,req-383d5ea8-8388-42b1-8294-b14ab4c895bc 113d3a99c3da401fbd62cc2caa5b96d2 54fadb412c4e40cdbaed9335e4c35a9e - - -,"10.11.10.1 ""GET /v2/54fadb412c4e40cdbaed9335e4c35a9e/servers/detail HTTP/1.1"" status: 200 len: 1893 time: 0.2675891",0,<*> <*> <*>HTTP<*>status: <*> len: <*> time: <*>.<*>,"['10.11.10.1', '""GET /v2/54fadb412c4e40cdbaed9335e4c35a9e/servers/detail ', '/1.1"" ', '200', '1893', '0.2675891']"
855,nova-api.log.2017-05-14_21:27:04,2017-05-14,19:45:32.606,25746,INFO,nova.osapi_compute.wsgi.server,req-c2f80811-1f94-43c6-8385-2b8d80761bb9 113d3a99c3da401fbd62cc2caa5b96d2 54fadb412c4e40cdbaed9335e4c35a9e - - -,"10.11.10.1 ""GET /v2/54fadb412c4e40cdbaed9335e4c35a9e/servers/detail HTTP/1.1"" status: 200 len: 1893 time: 0.2558861",0,<*> <*> <*>HTTP<*>status: <*> len: <*> time: <*>.<*>,"['10.11.10.1', '""GET /v2/54fadb412c4e40cdbaed9335e4c35a9e/servers/detail ', '/1.1"" ', '200', '1893', '0.2558861']"
856,nova-api.log.2017-05-14_21:27:04,2017-05-14,19:45:33.868,25746,INFO,nova.osapi_compute.wsgi.server,req-419c3305-0917-47c5-9206-9895ba2f0595 113d3a99c3da401fbd62cc2caa5b96d2 54fadb412c4e40cdbaed9335e4c35a9e - - -,"10.11.10.1 ""GET /v2/54fadb412c4e40cdbaed9335e4c35a9e/servers/detail HTTP/1.1"" status: 200 len: 1893 time: 0.2570829",0,<*> <*> <*>HTTP<*>status: <*> len: <*> time: <*>.<*>,"['10.11.10.1', '""GET /v2/54fadb412c4e40cdbaed9335e4c35a9e/servers/detail ', '/1.1"" ', '200', '1893', '0.2570829']"
857,nova-api.log.2017-05-14_21:27:04,2017-05-14,19:45:34.125,25746,INFO,nova.osapi_compute.wsgi.server,req-e96646c5-971c-4f8f-b2c7-6af248a6c054 113d3a99c3da401fbd62cc2caa5b96d2 54fadb412c4e40cdbaed9335e4c35a9e - - -,"10.11.10.1 ""GET /v2/54fadb412c4e40cdbaed9335e4c35a9e/servers/detail HTTP/1.1"" status: 200 len: 1893 time: 0.2521560",0,<*> <*> <*>HTTP<*>status: <*> len: <*> time: <*>.<*>,"['10.11.10.1', '""GET /v2/54fadb412c4e40cdbaed9335e4c35a9e/servers/detail ', '/1.1"" ', '200', '1893', '0.2521560']"
858,nova-api.log.2017-05-14_21:27:04,2017-05-14,19:45:35.417,25746,INFO,nova.osapi_compute.wsgi.server,req-3ccb116e-1728-49d5-b74b-37eec2b39a51 113d3a99c3da401fbd62cc2caa5b96d2 54fadb412c4e40cdbaed9335e4c35a9e - - -,"10.11.10.1 ""GET /v2/54fadb412c4e40cdbaed9335e4c35a9e/servers/detail HTTP/1.1"" status: 200 len: 1893 time: 0.2867351",0,<*> <*> <*>HTTP<*>status: <*> len: <*> time: <*>.<*>,"['10.11.10.1', '""GET /v2/54fadb412c4e40cdbaed9335e4c35a9e/servers/detail ', '/1.1"" ', '200', '1893', '0.2867351']"
859,nova-api.log.2017-05-14_21:27:04,2017-05-14,19:45:35.687,25746,INFO,nova.osapi_compute.wsgi.server,req-1ad9f34c-4be5-4fe2-a718-9dbb4f6f1107 113d3a99c3da401fbd62cc2caa5b96d2 54fadb412c4e40cdbaed9335e4c35a9e - - -,"10.11.10.1 ""GET /v2/54fadb412c4e40cdbaed9335e4c35a9e/servers/detail HTTP/1.1"" status: 200 len: 1893 time: 0.2667880",0,<*> <*> <*>HTTP<*>status: <*> len: <*> time: <*>.<*>,"['10.11.10.1', '""GET /v2/54fadb412c4e40cdbaed9335e4c35a9e/servers/detail ', '/1.1"" ', '200', '1893', '0.2667880']"
860,nova-compute.log.2017-05-14_21:27:09,2017-05-14,19:45:36.066,2931,INFO,nova.virt.libvirt.imagecache,req-addc1839-2ed5-4778-b57e-5854eb7b8b09 - - - - -,image 0673dd71-34c5-4fbb-86c4-40623fbe45b4 at (/var/lib/nova/instances/_base/a489c868f0c37da93b76227c91bb03908ac0e742): checking,5,image <*>dd<*>-<*>c<*>-<*>fbb-<*>c<*>-<*>fbe<*>b<*> at (<*>checking,"['0673', '71-34', '5-4', '86c4', '40623', '45b4', '/var/lib/nova/instances/_base/a489c868f0c37da93b76227c91bb03908ac0e742): ']"
861,nova-compute.log.2017-05-14_21:27:09,2017-05-14,19:45:36.067,2931,INFO,nova.virt.libvirt.imagecache,req-addc1839-2ed5-4778-b57e-5854eb7b8b09 - - - - -,"image 0673dd71-34c5-4fbb-86c4-40623fbe45b4 at (/var/lib/nova/instances/_base/a489c868f0c37da93b76227c91bb03908ac0e742): in use: on this node 1 local, 0 on other nodes sharing this instance storage",6,"image <*>dd<*>-<*>c<*>-<*>fbb-<*>c<*>-<*>fbe<*>b<*> at (<*>in use: on this node <*> local, <*> on other nodes sharing this instance storage","['0673', '71-34', '5-4', '86c4', '40623', '45b4', '/var/lib/nova/instances/_base/a489c868f0c37da93b76227c91bb03908ac0e742): ', '1', '0']"
862,nova-compute.log.2017-05-14_21:27:09,2017-05-14,19:45:36.257,2931,INFO,nova.virt.libvirt.imagecache,req-addc1839-2ed5-4778-b57e-5854eb7b8b09 - - - - -,Active base files: /var/lib/nova/instances/_base/a489c868f0c37da93b76227c91bb03908ac0e742,7,<*> base <*> /var/lib/nova/instances/_base/a<*>c<*>f<*>c<*>da<*>b<*>c<*>bb<*>ac<*>e<*>,"['Active', 'files:', '489c868', '0c37', '93b76227', '91', '03908', '0e742']"
863,nova-api.log.2017-05-14_21:27:04,2017-05-14,19:45:36.976,25743,INFO,nova.api.openstack.compute.server_external_events,req-53deff36-7195-4abf-9ab2-713d855e9b24 f7b8d1f1d4d44643b07fa10ca7d021fb e9746973ac574c6b8a9e8857f56a7608 - - -,Creating event network-vif-plugged:f4b68937-24b5-48f3-ab81-90af33e4ead6 for instance 53a49cc8-0870-47f1-a33c-8bdb40a4a5fa,8,Creating event <*> for instance <*>,"['network-vif-plugged:f4b68937-24b5-48f3-ab81-90af33e4ead6', '53a49cc8-0870-47f1-a33c-8bdb40a4a5fa']"
864,nova-api.log.2017-05-14_21:27:04,2017-05-14,19:45:36.982,25743,INFO,nova.osapi_compute.wsgi.server,req-53deff36-7195-4abf-9ab2-713d855e9b24 f7b8d1f1d4d44643b07fa10ca7d021fb e9746973ac574c6b8a9e8857f56a7608 - - -,"10.11.10.1 ""POST /v2/e9746973ac574c6b8a9e8857f56a7608/os-server-external-events HTTP/1.1"" status: 200 len: 380 time: 0.0933721",0,<*> <*> <*>HTTP<*>status: <*> len: <*> time: <*>.<*>,"['10.11.10.1', '""POST /v2/e9746973ac574c6b8a9e8857f56a7608/os-server-external-events ', '/1.1"" ', '200', '380', '0.0933721']"
865,nova-compute.log.2017-05-14_21:27:09,2017-05-14,19:45:36.992,2931,INFO,nova.compute.manager,req-3ea4052c-895d-4b64-9e2d-04d64c4d94ab - - - - -,[instance: 53a49cc8-0870-47f1-a33c-8bdb40a4a5fa] VM Resumed (Lifecycle Event),2,<*> VM <*> (Lifecycle Event),"['[instance: 53a49cc8-0870-47f1-a33c-8bdb40a4a5fa]', 'Resumed']"
866,nova-compute.log.2017-05-14_21:27:09,2017-05-14,19:45:37.002,2931,INFO,nova.virt.libvirt.driver,-,[instance: 53a49cc8-0870-47f1-a33c-8bdb40a4a5fa] Instance spawned successfully.,9,<*> Instance <*> successfully.,"['[instance: 53a49cc8-0870-47f1-a33c-8bdb40a4a5fa]', 'spawned']"
867,nova-compute.log.2017-05-14_21:27:09,2017-05-14,19:45:37.003,2931,INFO,nova.compute.manager,req-53b18dc4-310b-4350-be64-7e464422dc96 113d3a99c3da401fbd62cc2caa5b96d2 54fadb412c4e40cdbaed9335e4c35a9e - - -,[instance: 53a49cc8-0870-47f1-a33c-8bdb40a4a5fa] Took 19.44 seconds to spawn the instance on the hypervisor.,10,<*> Took <*>.<*> seconds to <*> the instance on the hypervisor.,"['[instance: 53a49cc8-0870-47f1-a33c-8bdb40a4a5fa]', '19.44', 'spawn']"
868,nova-compute.log.2017-05-14_21:27:09,2017-05-14,19:45:37.114,2931,INFO,nova.compute.manager,req-3ea4052c-895d-4b64-9e2d-04d64c4d94ab - - - - -,[instance: 53a49cc8-0870-47f1-a33c-8bdb40a4a5fa] During sync_power_state the instance has a pending task (spawning). Skip.,4,<*> During sync_power_state the instance has a pending task (spawning). Skip.,['[instance: 53a49cc8-0870-47f1-a33c-8bdb40a4a5fa]']
869,nova-compute.log.2017-05-14_21:27:09,2017-05-14,19:45:37.115,2931,INFO,nova.compute.manager,req-3ea4052c-895d-4b64-9e2d-04d64c4d94ab - - - - -,[instance: 53a49cc8-0870-47f1-a33c-8bdb40a4a5fa] VM Resumed (Lifecycle Event),2,<*> VM <*> (Lifecycle Event),"['[instance: 53a49cc8-0870-47f1-a33c-8bdb40a4a5fa]', 'Resumed']"
870,nova-api.log.2017-05-14_21:27:04,2017-05-14,19:45:37.124,25746,INFO,nova.osapi_compute.wsgi.server,req-7d3103fc-d5c8-4113-b7ba-4de130db1929 113d3a99c3da401fbd62cc2caa5b96d2 54fadb412c4e40cdbaed9335e4c35a9e - - -,"10.11.10.1 ""GET /v2/54fadb412c4e40cdbaed9335e4c35a9e/servers/detail HTTP/1.1"" status: 200 len: 1893 time: 0.4313581",0,<*> <*> <*>HTTP<*>status: <*> len: <*> time: <*>.<*>,"['10.11.10.1', '""GET /v2/54fadb412c4e40cdbaed9335e4c35a9e/servers/detail ', '/1.1"" ', '200', '1893', '0.4313581']"
871,nova-compute.log.2017-05-14_21:27:09,2017-05-14,19:45:37.133,2931,INFO,nova.compute.manager,req-53b18dc4-310b-4350-be64-7e464422dc96 113d3a99c3da401fbd62cc2caa5b96d2 54fadb412c4e40cdbaed9335e4c35a9e - - -,[instance: 53a49cc8-0870-47f1-a33c-8bdb40a4a5fa] Took 20.24 seconds to build instance.,11,<*> Took <*>.<*> seconds to build instance.,"['[instance: 53a49cc8-0870-47f1-a33c-8bdb40a4a5fa]', '20.24']"
872,nova-api.log.2017-05-14_21:27:04,2017-05-14,19:45:37.406,25746,INFO,nova.osapi_compute.wsgi.server,req-7d7c5e3a-6e13-480b-a855-69163a9a52df 113d3a99c3da401fbd62cc2caa5b96d2 54fadb412c4e40cdbaed9335e4c35a9e - - -,"10.11.10.1 ""GET /v2/54fadb412c4e40cdbaed9335e4c35a9e/servers/detail HTTP/1.1"" status: 200 len: 1910 time: 0.2771239",0,<*> <*> <*>HTTP<*>status: <*> len: <*> time: <*>.<*>,"['10.11.10.1', '""GET /v2/54fadb412c4e40cdbaed9335e4c35a9e/servers/detail ', '/1.1"" ', '200', '1910', '0.2771239']"
873,nova-api.log.2017-05-14_21:27:04,2017-05-14,19:45:38.686,25746,INFO,nova.osapi_compute.wsgi.server,req-aee90477-cc9d-40b2-9f63-07a12feda8b9 113d3a99c3da401fbd62cc2caa5b96d2 54fadb412c4e40cdbaed9335e4c35a9e - - -,"10.11.10.1 ""GET /v2/54fadb412c4e40cdbaed9335e4c35a9e/servers/detail HTTP/1.1"" status: 200 len: 1910 time: 0.2746809",0,<*> <*> <*>HTTP<*>status: <*> len: <*> time: <*>.<*>,"['10.11.10.1', '""GET /v2/54fadb412c4e40cdbaed9335e4c35a9e/servers/detail ', '/1.1"" ', '200', '1910', '0.2746809']"
874,nova-api.log.2017-05-14_21:27:04,2017-05-14,19:45:38.962,25746,INFO,nova.osapi_compute.wsgi.server,req-00da8c4d-c215-43e6-b66e-92579b95c1a4 113d3a99c3da401fbd62cc2caa5b96d2 54fadb412c4e40cdbaed9335e4c35a9e - - -,"10.11.10.1 ""GET /v2/54fadb412c4e40cdbaed9335e4c35a9e/servers/detail HTTP/1.1"" status: 200 len: 1910 time: 0.2713809",0,<*> <*> <*>HTTP<*>status: <*> len: <*> time: <*>.<*>,"['10.11.10.1', '""GET /v2/54fadb412c4e40cdbaed9335e4c35a9e/servers/detail ', '/1.1"" ', '200', '1910', '0.2713809']"
875,nova-compute.log.2017-05-14_21:27:09,2017-05-14,19:45:41.312,2931,INFO,nova.virt.libvirt.imagecache,req-addc1839-2ed5-4778-b57e-5854eb7b8b09 - - - - -,image 0673dd71-34c5-4fbb-86c4-40623fbe45b4 at (/var/lib/nova/instances/_base/a489c868f0c37da93b76227c91bb03908ac0e742): checking,5,image <*>dd<*>-<*>c<*>-<*>fbb-<*>c<*>-<*>fbe<*>b<*> at (<*>checking,"['0673', '71-34', '5-4', '86c4', '40623', '45b4', '/var/lib/nova/instances/_base/a489c868f0c37da93b76227c91bb03908ac0e742): ']"
876,nova-compute.log.2017-05-14_21:27:09,2017-05-14,19:45:41.313,2931,INFO,nova.virt.libvirt.imagecache,req-addc1839-2ed5-4778-b57e-5854eb7b8b09 - - - - -,"image 0673dd71-34c5-4fbb-86c4-40623fbe45b4 at (/var/lib/nova/instances/_base/a489c868f0c37da93b76227c91bb03908ac0e742): in use: on this node 1 local, 0 on other nodes sharing this instance storage",6,"image <*>dd<*>-<*>c<*>-<*>fbb-<*>c<*>-<*>fbe<*>b<*> at (<*>in use: on this node <*> local, <*> on other nodes sharing this instance storage","['0673', '71-34', '5-4', '86c4', '40623', '45b4', '/var/lib/nova/instances/_base/a489c868f0c37da93b76227c91bb03908ac0e742): ', '1', '0']"
877,nova-compute.log.2017-05-14_21:27:09,2017-05-14,19:45:41.477,2931,INFO,nova.virt.libvirt.imagecache,req-addc1839-2ed5-4778-b57e-5854eb7b8b09 - - - - -,Active base files: /var/lib/nova/instances/_base/a489c868f0c37da93b76227c91bb03908ac0e742,7,<*> base <*> /var/lib/nova/instances/_base/a<*>c<*>f<*>c<*>da<*>b<*>c<*>bb<*>ac<*>e<*>,"['Active', 'files:', '489c868', '0c37', '93b76227', '91', '03908', '0e742']"
878,nova-api.log.2017-05-14_21:27:04,2017-05-14,19:45:43.330,25783,INFO,nova.metadata.wsgi.server,req-4aeafd07-503c-4ecc-ad48-6b19ca2f99b2 - - - - -,"10.11.11.234,10.11.10.1 ""GET /openstack/2012-08-10/meta_data.json HTTP/1.1"" status: 200 len: 264 time: 0.2254162",0,<*> <*> <*>HTTP<*>status: <*> len: <*> time: <*>.<*>,"['10.11.11.234,10.11.10.1', '""GET /openstack/2012-08-10/meta_data.json ', '/1.1"" ', '200', '264', '0.2254162']"
879,nova-api.log.2017-05-14_21:27:04,2017-05-14,19:45:43.340,25783,INFO,nova.metadata.wsgi.server,-,"10.11.11.234,10.11.10.1 ""GET /openstack/2013-10-17 HTTP/1.1"" status: 200 len: 157 time: 0.0007961",0,<*> <*> <*>HTTP<*>status: <*> len: <*> time: <*>.<*>,"['10.11.11.234,10.11.10.1', '""GET /openstack/2013-10-17 ', '/1.1"" ', '200', '157', '0.0007961']"
880,nova-api.log.2017-05-14_21:27:04,2017-05-14,19:45:43.589,25786,INFO,nova.metadata.wsgi.server,req-98c1cb81-66eb-4f88-b27d-f8a64cf50ff5 - - - - -,"10.11.11.234,10.11.10.1 ""GET /openstack/2013-10-17/vendor_data.json HTTP/1.1"" status: 200 len: 124 time: 0.2394600",0,<*> <*> <*>HTTP<*>status: <*> len: <*> time: <*>.<*>,"['10.11.11.234,10.11.10.1', '""GET /openstack/2013-10-17/vendor_data.json ', '/1.1"" ', '200', '124', '0.2394600']"
881,nova-api.log.2017-05-14_21:27:04,2017-05-14,19:45:43.602,25786,INFO,nova.metadata.wsgi.server,-,"10.11.11.234,10.11.10.1 ""GET /openstack/2013-10-17/vendor_data.json HTTP/1.1"" status: 200 len: 124 time: 0.0007541",0,<*> <*> <*>HTTP<*>status: <*> len: <*> time: <*>.<*>,"['10.11.11.234,10.11.10.1', '""GET /openstack/2013-10-17/vendor_data.json ', '/1.1"" ', '200', '124', '0.0007541']"
882,nova-api.log.2017-05-14_21:27:04,2017-05-14,19:45:43.839,25795,INFO,nova.metadata.wsgi.server,req-c482a994-8c38-4b79-9bbf-4deca45875c9 - - - - -,"10.11.11.234,10.11.10.1 ""GET /openstack/2013-10-17/user_data HTTP/1.1"" status: 404 len: 176 time: 0.2261109",0,<*> <*> <*>HTTP<*>status: <*> len: <*> time: <*>.<*>,"['10.11.11.234,10.11.10.1', '""GET /openstack/2013-10-17/user_data ', '/1.1"" ', '404', '176', '0.2261109']"
883,nova-api.log.2017-05-14_21:27:04,2017-05-14,19:45:43.852,25795,INFO,nova.metadata.wsgi.server,-,"10.11.11.234,10.11.10.1 ""GET /openstack/2013-10-17/meta_data.json HTTP/1.1"" status: 200 len: 967 time: 0.0013201",0,<*> <*> <*>HTTP<*>status: <*> len: <*> time: <*>.<*>,"['10.11.11.234,10.11.10.1', '""GET /openstack/2013-10-17/meta_data.json ', '/1.1"" ', '200', '967', '0.0013201']"
884,nova-api.log.2017-05-14_21:27:04,2017-05-14,19:45:44.087,25788,INFO,nova.metadata.wsgi.server,req-61fbcec2-2314-45e4-904b-cd6d6395f5aa - - - - -,"10.11.11.234,10.11.10.1 ""GET /openstack/2013-10-17/meta_data.json HTTP/1.1"" status: 200 len: 967 time: 0.2262270",0,<*> <*> <*>HTTP<*>status: <*> len: <*> time: <*>.<*>,"['10.11.11.234,10.11.10.1', '""GET /openstack/2013-10-17/meta_data.json ', '/1.1"" ', '200', '967', '0.2262270']"
885,nova-api.log.2017-05-14_21:27:04,2017-05-14,19:45:44.503,25791,INFO,nova.metadata.wsgi.server,req-b3e9e391-9258-4cee-bf93-5d96f41742b7 - - - - -,"10.11.11.234,10.11.10.1 ""GET /latest/meta-data/ HTTP/1.1"" status: 200 len: 328 time: 0.2206690",0,<*> <*> <*>HTTP<*>status: <*> len: <*> time: <*>.<*>,"['10.11.11.234,10.11.10.1', '""GET /latest/meta-data/ ', '/1.1"" ', '200', '328', '0.2206690']"
886,nova-api.log.2017-05-14_21:27:04,2017-05-14,19:45:44.833,25774,INFO,nova.metadata.wsgi.server,req-c33fa1a8-8584-49e1-8381-22bddbf53953 - - - - -,"10.11.11.234,10.11.10.1 ""GET /latest/meta-data/block-device-mapping/ HTTP/1.1"" status: 200 len: 124 time: 0.2326632",0,<*> <*> <*>HTTP<*>status: <*> len: <*> time: <*>.<*>,"['10.11.11.234,10.11.10.1', '""GET /latest/meta-data/block-device-mapping/ ', '/1.1"" ', '200', '124', '0.2326632']"
887,nova-api.log.2017-05-14_21:27:04,2017-05-14,19:45:45.135,25790,INFO,nova.metadata.wsgi.server,req-34604b7a-0282-435a-9b59-0c56e4690430 - - - - -,"10.11.11.234,10.11.10.1 ""GET /latest/meta-data/block-device-mapping/ami HTTP/1.1"" status: 200 len: 119 time: 0.2889380",0,<*> <*> <*>HTTP<*>status: <*> len: <*> time: <*>.<*>,"['10.11.11.234,10.11.10.1', '""GET /latest/meta-data/block-device-mapping/ami ', '/1.1"" ', '200', '119', '0.2889380']"
888,nova-api.log.2017-05-14_21:27:04,2017-05-14,19:45:45.229,25746,INFO,nova.osapi_compute.wsgi.server,req-439ca3ee-ad64-4bf3-bf9c-ba783ee0c95b 113d3a99c3da401fbd62cc2caa5b96d2 54fadb412c4e40cdbaed9335e4c35a9e - - -,"10.11.10.1 ""DELETE /v2/54fadb412c4e40cdbaed9335e4c35a9e/servers/53a49cc8-0870-47f1-a33c-8bdb40a4a5fa HTTP/1.1"" status: 204 len: 203 time: 0.2585230",0,<*> <*> <*>HTTP<*>status: <*> len: <*> time: <*>.<*>,"['10.11.10.1', '""DELETE /v2/54fadb412c4e40cdbaed9335e4c35a9e/servers/53a49cc8-0870-47f1-a33c-8bdb40a4a5fa ', '/1.1"" ', '204', '203', '0.2585230']"
889,nova-compute.log.2017-05-14_21:27:09,2017-05-14,19:45:45.270,2931,INFO,nova.compute.manager,req-439ca3ee-ad64-4bf3-bf9c-ba783ee0c95b 113d3a99c3da401fbd62cc2caa5b96d2 54fadb412c4e40cdbaed9335e4c35a9e - - -,[instance: 53a49cc8-0870-47f1-a33c-8bdb40a4a5fa] Terminating instance,12,<*> Terminating instance,['[instance: 53a49cc8-0870-47f1-a33c-8bdb40a4a5fa]']
890,nova-api.log.2017-05-14_21:27:04,2017-05-14,19:45:45.470,25779,INFO,nova.metadata.wsgi.server,req-91cbecd3-766a-40be-91f9-342287c1a6bc - - - - -,"10.11.11.234,10.11.10.1 ""GET /latest/meta-data/block-device-mapping/root HTTP/1.1"" status: 200 len: 124 time: 0.2374239",0,<*> <*> <*>HTTP<*>status: <*> len: <*> time: <*>.<*>,"['10.11.11.234,10.11.10.1', '""GET /latest/meta-data/block-device-mapping/root ', '/1.1"" ', '200', '124', '0.2374239']"
891,nova-compute.log.2017-05-14_21:27:09,2017-05-14,19:45:45.486,2931,INFO,nova.virt.libvirt.driver,-,[instance: 53a49cc8-0870-47f1-a33c-8bdb40a4a5fa] Instance destroyed successfully.,9,<*> Instance <*> successfully.,"['[instance: 53a49cc8-0870-47f1-a33c-8bdb40a4a5fa]', 'destroyed']"
892,nova-api.log.2017-05-14_21:27:04,2017-05-14,19:45:45.515,25746,INFO,nova.osapi_compute.wsgi.server,req-0293bc7f-ce11-4559-8df5-038916cfe889 113d3a99c3da401fbd62cc2caa5b96d2 54fadb412c4e40cdbaed9335e4c35a9e - - -,"10.11.10.1 ""GET /v2/54fadb412c4e40cdbaed9335e4c35a9e/servers/detail HTTP/1.1"" status: 200 len: 1916 time: 0.2823541",0,<*> <*> <*>HTTP<*>status: <*> len: <*> time: <*>.<*>,"['10.11.10.1', '""GET /v2/54fadb412c4e40cdbaed9335e4c35a9e/servers/detail ', '/1.1"" ', '200', '1916', '0.2823541']"
893,nova-compute.log.2017-05-14_21:27:09,2017-05-14,19:45:46.159,2931,INFO,nova.virt.libvirt.driver,req-439ca3ee-ad64-4bf3-bf9c-ba783ee0c95b 113d3a99c3da401fbd62cc2caa5b96d2 54fadb412c4e40cdbaed9335e4c35a9e - - -,[instance: 53a49cc8-0870-47f1-a33c-8bdb40a4a5fa] Deleting instance files /var/lib/nova/instances/53a49cc8-0870-47f1-a33c-8bdb40a4a5fa_del,13,<*> Deleting instance files <*>,"['[instance: 53a49cc8-0870-47f1-a33c-8bdb40a4a5fa]', '/var/lib/nova/instances/53a49cc8-0870-47f1-a33c-8bdb40a4a5fa_del']"
894,nova-compute.log.2017-05-14_21:27:09,2017-05-14,19:45:46.161,2931,INFO,nova.virt.libvirt.driver,req-439ca3ee-ad64-4bf3-bf9c-ba783ee0c95b 113d3a99c3da401fbd62cc2caa5b96d2 54fadb412c4e40cdbaed9335e4c35a9e - - -,[instance: 53a49cc8-0870-47f1-a33c-8bdb40a4a5fa] Deletion of /var/lib/nova/instances/53a49cc8-0870-47f1-a33c-8bdb40a4a5fa_del complete,14,<*> Deletion of <*>complete,"['[instance: 53a49cc8-0870-47f1-a33c-8bdb40a4a5fa]', '/var/lib/nova/instances/53a49cc8-0870-47f1-a33c-8bdb40a4a5fa_del ']"
895,nova-compute.log.2017-05-14_21:27:09,2017-05-14,19:45:46.281,2931,INFO,nova.compute.manager,req-439ca3ee-ad64-4bf3-bf9c-ba783ee0c95b 113d3a99c3da401fbd62cc2caa5b96d2 54fadb412c4e40cdbaed9335e4c35a9e - - -,[instance: 53a49cc8-0870-47f1-a33c-8bdb40a4a5fa] Took 1.00 seconds to destroy the instance on the hypervisor.,10,<*> Took <*>.<*> seconds to <*> the instance on the hypervisor.,"['[instance: 53a49cc8-0870-47f1-a33c-8bdb40a4a5fa]', '1.00', 'destroy']"
896,nova-compute.log.2017-05-14_21:27:09,2017-05-14,19:45:46.527,2931,INFO,nova.virt.libvirt.imagecache,req-addc1839-2ed5-4778-b57e-5854eb7b8b09 - - - - -,image 0673dd71-34c5-4fbb-86c4-40623fbe45b4 at (/var/lib/nova/instances/_base/a489c868f0c37da93b76227c91bb03908ac0e742): checking,5,image <*>dd<*>-<*>c<*>-<*>fbb-<*>c<*>-<*>fbe<*>b<*> at (<*>checking,"['0673', '71-34', '5-4', '86c4', '40623', '45b4', '/var/lib/nova/instances/_base/a489c868f0c37da93b76227c91bb03908ac0e742): ']"
897,nova-compute.log.2017-05-14_21:27:09,2017-05-14,19:45:46.528,2931,INFO,nova.virt.libvirt.imagecache,req-addc1839-2ed5-4778-b57e-5854eb7b8b09 - - - - -,"image 0673dd71-34c5-4fbb-86c4-40623fbe45b4 at (/var/lib/nova/instances/_base/a489c868f0c37da93b76227c91bb03908ac0e742): in use: on this node 1 local, 0 on other nodes sharing this instance storage",6,"image <*>dd<*>-<*>c<*>-<*>fbb-<*>c<*>-<*>fbe<*>b<*> at (<*>in use: on this node <*> local, <*> on other nodes sharing this instance storage","['0673', '71-34', '5-4', '86c4', '40623', '45b4', '/var/lib/nova/instances/_base/a489c868f0c37da93b76227c91bb03908ac0e742): ', '1', '0']"
898,nova-compute.log.2017-05-14_21:27:09,2017-05-14,19:45:46.632,2931,INFO,nova.virt.libvirt.imagecache,req-addc1839-2ed5-4778-b57e-5854eb7b8b09 - - - - -,Active base files: /var/lib/nova/instances/_base/a489c868f0c37da93b76227c91bb03908ac0e742,7,<*> base <*> /var/lib/nova/instances/_base/a<*>c<*>f<*>c<*>da<*>b<*>c<*>bb<*>ac<*>e<*>,"['Active', 'files:', '489c868', '0c37', '93b76227', '91', '03908', '0e742']"
899,nova-api.log.2017-05-14_21:27:04,2017-05-14,19:45:46.714,25746,INFO,nova.osapi_compute.wsgi.server,req-a2854cd7-ed17-4a86-b472-bb1678dad9bc 113d3a99c3da401fbd62cc2caa5b96d2 54fadb412c4e40cdbaed9335e4c35a9e - - -,"10.11.10.1 ""GET /v2/54fadb412c4e40cdbaed9335e4c35a9e/servers/detail HTTP/1.1"" status: 200 len: 1874 time: 0.1933470",0,<*> <*> <*>HTTP<*>status: <*> len: <*> time: <*>.<*>,"['10.11.10.1', '""GET /v2/54fadb412c4e40cdbaed9335e4c35a9e/servers/detail ', '/1.1"" ', '200', '1874', '0.1933470']"
900,nova-compute.log.2017-05-14_21:27:09,2017-05-14,19:45:46.731,2931,INFO,nova.compute.manager,req-439ca3ee-ad64-4bf3-bf9c-ba783ee0c95b 113d3a99c3da401fbd62cc2caa5b96d2 54fadb412c4e40cdbaed9335e4c35a9e - - -,[instance: 53a49cc8-0870-47f1-a33c-8bdb40a4a5fa] Took 0.45 seconds to deallocate network for instance.,15,<*> Took <*>.<*> seconds to deallocate network for instance.,"['[instance: 53a49cc8-0870-47f1-a33c-8bdb40a4a5fa]', '0.45']"
901,nova-api.log.2017-05-14_21:27:04,2017-05-14,19:45:47.825,25746,INFO,nova.osapi_compute.wsgi.server,req-7b29503b-1fb9-420f-92ec-858b7904f74c 113d3a99c3da401fbd62cc2caa5b96d2 54fadb412c4e40cdbaed9335e4c35a9e - - -,"10.11.10.1 ""GET /v2/54fadb412c4e40cdbaed9335e4c35a9e/servers/detail HTTP/1.1"" status: 200 len: 211 time: 0.1041288",0,<*> <*> <*>HTTP<*>status: <*> len: <*> time: <*>.<*>,"['10.11.10.1', '""GET /v2/54fadb412c4e40cdbaed9335e4c35a9e/servers/detail ', '/1.1"" ', '200', '211', '0.1041288']"
902,nova-api.log.2017-05-14_21:27:04,2017-05-14,19:45:48.763,25746,INFO,nova.api.openstack.wsgi,req-4c5199ff-5aec-48ac-b888-325fcc2a82e7 f7b8d1f1d4d44643b07fa10ca7d021fb e9746973ac574c6b8a9e8857f56a7608 - - -,HTTP exception thrown: No instances found for any event,16,HTTP exception thrown: No instances found for any event,[]
903,nova-api.log.2017-05-14_21:27:04,2017-05-14,19:45:48.764,25746,INFO,nova.osapi_compute.wsgi.server,req-4c5199ff-5aec-48ac-b888-325fcc2a82e7 f7b8d1f1d4d44643b07fa10ca7d021fb e9746973ac574c6b8a9e8857f56a7608 - - -,"10.11.10.1 ""POST /v2/e9746973ac574c6b8a9e8857f56a7608/os-server-external-events HTTP/1.1"" status: 404 len: 296 time: 0.0889311",0,<*> <*> <*>HTTP<*>status: <*> len: <*> time: <*>.<*>,"['10.11.10.1', '""POST /v2/e9746973ac574c6b8a9e8857f56a7608/os-server-external-events ', '/1.1"" ', '404', '296', '0.0889311']"
904,nova-compute.log.2017-05-14_21:27:09,2017-05-14,19:45:50.270,2931,WARNING,nova.virt.libvirt.imagecache,req-addc1839-2ed5-4778-b57e-5854eb7b8b09 - - - - -,Unknown base file: /var/lib/nova/instances/_base/a489c868f0c37da93b76227c91bb03908ac0e742,7,<*> base <*> /var/lib/nova/instances/_base/a<*>c<*>f<*>c<*>da<*>b<*>c<*>bb<*>ac<*>e<*>,"['Unknown', 'file:', '489c868', '0c37', '93b76227', '91', '03908', '0e742']"
905,nova-compute.log.2017-05-14_21:27:09,2017-05-14,19:45:50.271,2931,INFO,nova.virt.libvirt.imagecache,req-addc1839-2ed5-4778-b57e-5854eb7b8b09 - - - - -,Removable base files: /var/lib/nova/instances/_base/a489c868f0c37da93b76227c91bb03908ac0e742,7,<*> base <*> /var/lib/nova/instances/_base/a<*>c<*>f<*>c<*>da<*>b<*>c<*>bb<*>ac<*>e<*>,"['Removable', 'files:', '489c868', '0c37', '93b76227', '91', '03908', '0e742']"
906,nova-compute.log.2017-05-14_21:27:09,2017-05-14,19:45:50.272,2931,INFO,nova.virt.libvirt.imagecache,req-addc1839-2ed5-4778-b57e-5854eb7b8b09 - - - - -,Base or swap file too young to remove: /var/lib/nova/instances/_base/a489c868f0c37da93b76227c91bb03908ac0e742,29,Base or swap file too young to remove: /var/lib/nova/instances/_base/a<*>c<*>f<*>c<*>da<*>b<*>c<*>bb<*>ac<*>e<*>,"['489c868', '0c37', '93b76227', '91', '03908', '0e742']"
907,nova-compute.log.2017-05-14_21:27:09,2017-05-14,19:45:55.112,2931,WARNING,nova.virt.libvirt.imagecache,req-addc1839-2ed5-4778-b57e-5854eb7b8b09 - - - - -,Unknown base file: /var/lib/nova/instances/_base/a489c868f0c37da93b76227c91bb03908ac0e742,7,<*> base <*> /var/lib/nova/instances/_base/a<*>c<*>f<*>c<*>da<*>b<*>c<*>bb<*>ac<*>e<*>,"['Unknown', 'file:', '489c868', '0c37', '93b76227', '91', '03908', '0e742']"
908,nova-compute.log.2017-05-14_21:27:09,2017-05-14,19:45:55.113,2931,INFO,nova.virt.libvirt.imagecache,req-addc1839-2ed5-4778-b57e-5854eb7b8b09 - - - - -,Removable base files: /var/lib/nova/instances/_base/a489c868f0c37da93b76227c91bb03908ac0e742,7,<*> base <*> /var/lib/nova/instances/_base/a<*>c<*>f<*>c<*>da<*>b<*>c<*>bb<*>ac<*>e<*>,"['Removable', 'files:', '489c868', '0c37', '93b76227', '91', '03908', '0e742']"
909,nova-compute.log.2017-05-14_21:27:09,2017-05-14,19:45:55.114,2931,INFO,nova.virt.libvirt.imagecache,req-addc1839-2ed5-4778-b57e-5854eb7b8b09 - - - - -,Removing base or swap file: /var/lib/nova/instances/_base/a489c868f0c37da93b76227c91bb03908ac0e742,17,Removing base or swap file: /var/lib/nova/instances/_base/a<*>c<*>f<*>c<*>da<*>b<*>c<*>bb<*>ac<*>e<*>,"['489c868', '0c37', '93b76227', '91', '03908', '0e742']"
910,nova-compute.log.2017-05-14_21:27:09,2017-05-14,19:45:56.295,2931,INFO,nova.compute.resource_tracker,req-addc1839-2ed5-4778-b57e-5854eb7b8b09 - - - - -,Auditing locally available compute resources for node cp-1.slowvm1.tcloud-pg0.utah.cloudlab.us,23,Auditing locally available compute resources for node cp-<*>.slowvm<*>.tcloud-pg<*>.utah.cloudlab.us,"['1', '1', '0']"
911,nova-compute.log.2017-05-14_21:27:09,2017-05-14,19:45:56.629,2931,INFO,nova.compute.resource_tracker,req-addc1839-2ed5-4778-b57e-5854eb7b8b09 - - - - -,"Total usable vcpus: 16, total allocated vcpus: 0",24,"Total usable vcpus: <*>, total allocated vcpus: <*>","['16', '0']"
912,nova-compute.log.2017-05-14_21:27:09,2017-05-14,19:45:56.630,2931,INFO,nova.compute.resource_tracker,req-addc1839-2ed5-4778-b57e-5854eb7b8b09 - - - - -,Final resource view: name=cp-1.slowvm1.tcloud-pg0.utah.cloudlab.us phys_ram=64172MB used_ram=512MB phys_disk=15GB used_disk=0GB total_vcpus=16 used_vcpus=0 pci_stats=[],25,Final resource view: name=cp-<*>.slowvm<*>.tcloud-pg<*>.utah.cloudlab.us phys_ram=<*>MB used_ram=<*>MB phys_disk=<*>GB used_disk=<*>GB total_vcpus=<*> used_vcpus=<*> pci_stats=<*>,"['1', '1', '0', '64172', '512', '15', '0', '16', '0', '[]']"
913,nova-compute.log.2017-05-14_21:27:09,2017-05-14,19:45:56.687,2931,INFO,nova.compute.resource_tracker,req-addc1839-2ed5-4778-b57e-5854eb7b8b09 - - - - -,Compute_service record updated for cp-1.slowvm1.tcloud-pg0.utah.cloudlab.us:cp-1.slowvm1.tcloud-pg0.utah.cloudlab.us,26,Compute_service record updated for cp-<*>.slowvm<*>.tcloud-pg<*>.utah.cloudlab.us:cp-<*>.slowvm<*>.tcloud-pg<*>.utah.cloudlab.us,"['1', '1', '0', '1', '1', '0']"
914,nova-api.log.2017-05-14_21:27:04,2017-05-14,19:45:58.624,25746,INFO,nova.osapi_compute.wsgi.server,req-1b96b632-e46c-4605-86a3-cd65caa06370 113d3a99c3da401fbd62cc2caa5b96d2 54fadb412c4e40cdbaed9335e4c35a9e - - -,"10.11.10.1 ""POST /v2/54fadb412c4e40cdbaed9335e4c35a9e/servers HTTP/1.1"" status: 202 len: 733 time: 0.7831450",0,<*> <*> <*>HTTP<*>status: <*> len: <*> time: <*>.<*>,"['10.11.10.1', '""POST /v2/54fadb412c4e40cdbaed9335e4c35a9e/servers ', '/1.1"" ', '202', '733', '0.7831450']"
915,nova-api.log.2017-05-14_21:27:04,2017-05-14,19:45:58.826,25746,INFO,nova.osapi_compute.wsgi.server,req-2233fc77-c851-4def-958a-963b00ad6fbd 113d3a99c3da401fbd62cc2caa5b96d2 54fadb412c4e40cdbaed9335e4c35a9e - - -,"10.11.10.1 ""GET /v2/54fadb412c4e40cdbaed9335e4c35a9e/servers/detail HTTP/1.1"" status: 200 len: 1583 time: 0.1978800",0,<*> <*> <*>HTTP<*>status: <*> len: <*> time: <*>.<*>,"['10.11.10.1', '""GET /v2/54fadb412c4e40cdbaed9335e4c35a9e/servers/detail ', '/1.1"" ', '200', '1583', '0.1978800']"
916,nova-compute.log.2017-05-14_21:27:09,2017-05-14,19:45:58.908,2931,INFO,nova.compute.claims,req-1b96b632-e46c-4605-86a3-cd65caa06370 113d3a99c3da401fbd62cc2caa5b96d2 54fadb412c4e40cdbaed9335e4c35a9e - - -,"[instance: ff591e5e-e6f2-4a41-84c4-99d889344f20] Attempting claim: memory 2048 MB, disk 20 GB, vcpus 1 CPU",18,"<*> Attempting claim: memory <*> MB, disk <*> GB, vcpus <*> CPU","['[instance: ff591e5e-e6f2-4a41-84c4-99d889344f20]', '2048', '20', '1']"
917,nova-compute.log.2017-05-14_21:27:09,2017-05-14,19:45:58.909,2931,INFO,nova.compute.claims,req-1b96b632-e46c-4605-86a3-cd65caa06370 113d3a99c3da401fbd62cc2caa5b96d2 54fadb412c4e40cdbaed9335e4c35a9e - - -,"[instance: ff591e5e-e6f2-4a41-84c4-99d889344f20] Total memory: 64172 MB, used: 512.00 MB",19,"<*> <*> <*> <*> MB, <*> <*>.<*> MB","['[instance:', 'ff591e5e-e6f2-4a41-84c4-99d889344f20] Total memory: 64172', 'used: 512', '00']"
918,nova-compute.log.2017-05-14_21:27:09,2017-05-14,19:45:58.910,2931,INFO,nova.compute.claims,req-1b96b632-e46c-4605-86a3-cd65caa06370 113d3a99c3da401fbd62cc2caa5b96d2 54fadb412c4e40cdbaed9335e4c35a9e - - -,"[instance: ff591e5e-e6f2-4a41-84c4-99d889344f20] memory limit: 96258.00 MB, free: 95746.00 MB",19,"<*> <*> <*> <*> MB, <*> <*>.<*> MB","['[instance:', 'ff591e5e-e6f2-4a41-84c4-99d889344f20] memory limit: 96258.00', 'free: 95746', '00']"
919,nova-compute.log.2017-05-14_21:27:09,2017-05-14,19:45:58.910,2931,INFO,nova.compute.claims,req-1b96b632-e46c-4605-86a3-cd65caa06370 113d3a99c3da401fbd62cc2caa5b96d2 54fadb412c4e40cdbaed9335e4c35a9e - - -,"[instance: ff591e5e-e6f2-4a41-84c4-99d889344f20] Total disk: 15 GB, used: 0.00 GB",20,<*> Total <*> <*> <*> used: <*>.<*> <*>,"['[instance: ff591e5e-e6f2-4a41-84c4-99d889344f20]', 'disk:', '15 GB,', '0.00', 'GB']"
920,nova-compute.log.2017-05-14_21:27:09,2017-05-14,19:45:58.911,2931,INFO,nova.compute.claims,req-1b96b632-e46c-4605-86a3-cd65caa06370 113d3a99c3da401fbd62cc2caa5b96d2 54fadb412c4e40cdbaed9335e4c35a9e - - -,"[instance: ff591e5e-e6f2-4a41-84c4-99d889344f20] disk limit not specified, defaulting to unlimited",21,"<*> <*> limit not specified, defaulting to unlimited",['[instance: ff591e5e-e6f2-4a41-84c4-99d889344f20] disk']
921,nova-compute.log.2017-05-14_21:27:09,2017-05-14,19:45:58.911,2931,INFO,nova.compute.claims,req-1b96b632-e46c-4605-86a3-cd65caa06370 113d3a99c3da401fbd62cc2caa5b96d2 54fadb412c4e40cdbaed9335e4c35a9e - - -,"[instance: ff591e5e-e6f2-4a41-84c4-99d889344f20] Total vcpu: 16 VCPU, used: 0.00 VCPU",20,<*> Total <*> <*> <*> used: <*>.<*> <*>,"['[instance: ff591e5e-e6f2-4a41-84c4-99d889344f20]', 'vcpu:', '16 VCPU,', '0.00', 'VCPU']"
922,nova-compute.log.2017-05-14_21:27:09,2017-05-14,19:45:58.912,2931,INFO,nova.compute.claims,req-1b96b632-e46c-4605-86a3-cd65caa06370 113d3a99c3da401fbd62cc2caa5b96d2 54fadb412c4e40cdbaed9335e4c35a9e - - -,"[instance: ff591e5e-e6f2-4a41-84c4-99d889344f20] vcpu limit not specified, defaulting to unlimited",21,"<*> <*> limit not specified, defaulting to unlimited",['[instance: ff591e5e-e6f2-4a41-84c4-99d889344f20] vcpu']
923,nova-compute.log.2017-05-14_21:27:09,2017-05-14,19:45:58.942,2931,INFO,nova.compute.claims,req-1b96b632-e46c-4605-86a3-cd65caa06370 113d3a99c3da401fbd62cc2caa5b96d2 54fadb412c4e40cdbaed9335e4c35a9e - - -,[instance: ff591e5e-e6f2-4a41-84c4-99d889344f20] Claim successful,22,<*> Claim successful,['[instance: ff591e5e-e6f2-4a41-84c4-99d889344f20]']
924,nova-api.log.2017-05-14_21:27:04,2017-05-14,19:45:59.003,25746,INFO,nova.osapi_compute.wsgi.server,req-a1d3bef1-0a97-4a5d-98b5-3cf597e99295 113d3a99c3da401fbd62cc2caa5b96d2 54fadb412c4e40cdbaed9335e4c35a9e - - -,"10.11.10.1 ""GET /v2/54fadb412c4e40cdbaed9335e4c35a9e/servers/detail HTTP/1.1"" status: 200 len: 1575 time: 0.1732559",0,<*> <*> <*>HTTP<*>status: <*> len: <*> time: <*>.<*>,"['10.11.10.1', '""GET /v2/54fadb412c4e40cdbaed9335e4c35a9e/servers/detail ', '/1.1"" ', '200', '1575', '0.1732559']"
925,nova-api.log.2017-05-14_21:27:04,2017-05-14,19:45:59.195,25746,INFO,nova.osapi_compute.wsgi.server,req-35062fcc-03f2-42fe-8746-28a6674b0e2e 113d3a99c3da401fbd62cc2caa5b96d2 54fadb412c4e40cdbaed9335e4c35a9e - - -,"10.11.10.1 ""GET /v2/54fadb412c4e40cdbaed9335e4c35a9e/servers/ff591e5e-e6f2-4a41-84c4-99d889344f20 HTTP/1.1"" status: 200 len: 1708 time: 0.1889479",0,<*> <*> <*>HTTP<*>status: <*> len: <*> time: <*>.<*>,"['10.11.10.1', '""GET /v2/54fadb412c4e40cdbaed9335e4c35a9e/servers/ff591e5e-e6f2-4a41-84c4-99d889344f20 ', '/1.1"" ', '200', '1708', '0.1889479']"
926,nova-compute.log.2017-05-14_21:27:09,2017-05-14,19:45:59.533,2931,INFO,nova.virt.libvirt.driver,req-1b96b632-e46c-4605-86a3-cd65caa06370 113d3a99c3da401fbd62cc2caa5b96d2 54fadb412c4e40cdbaed9335e4c35a9e - - -,[instance: ff591e5e-e6f2-4a41-84c4-99d889344f20] Creating image,1,<*> Creating image,['[instance: ff591e5e-e6f2-4a41-84c4-99d889344f20]']
927,nova-api.log.2017-05-14_21:27:04,2017-05-14,19:46:00.465,25746,INFO,nova.osapi_compute.wsgi.server,req-252ae84f-f4a8-4fce-8446-ab56f75e7b37 113d3a99c3da401fbd62cc2caa5b96d2 54fadb412c4e40cdbaed9335e4c35a9e - - -,"10.11.10.1 ""GET /v2/54fadb412c4e40cdbaed9335e4c35a9e/servers/detail HTTP/1.1"" status: 200 len: 1759 time: 0.2650530",0,<*> <*> <*>HTTP<*>status: <*> len: <*> time: <*>.<*>,"['10.11.10.1', '""GET /v2/54fadb412c4e40cdbaed9335e4c35a9e/servers/detail ', '/1.1"" ', '200', '1759', '0.2650530']"
928,nova-api.log.2017-05-14_21:27:04,2017-05-14,19:46:00.722,25746,INFO,nova.osapi_compute.wsgi.server,req-7f05f5a3-449f-477e-b59c-d8cfcd2dbb56 113d3a99c3da401fbd62cc2caa5b96d2 54fadb412c4e40cdbaed9335e4c35a9e - - -,"10.11.10.1 ""GET /v2/54fadb412c4e40cdbaed9335e4c35a9e/servers/detail HTTP/1.1"" status: 200 len: 1759 time: 0.2514820",0,<*> <*> <*>HTTP<*>status: <*> len: <*> time: <*>.<*>,"['10.11.10.1', '""GET /v2/54fadb412c4e40cdbaed9335e4c35a9e/servers/detail ', '/1.1"" ', '200', '1759', '0.2514820']"
929,nova-compute.log.2017-05-14_21:27:09,2017-05-14,19:46:00.735,2931,INFO,nova.compute.manager,-,[instance: 53a49cc8-0870-47f1-a33c-8bdb40a4a5fa] VM Stopped (Lifecycle Event),2,<*> VM <*> (Lifecycle Event),"['[instance: 53a49cc8-0870-47f1-a33c-8bdb40a4a5fa]', 'Stopped']"
930,nova-api.log.2017-05-14_21:27:04,2017-05-14,19:46:01.988,25746,INFO,nova.osapi_compute.wsgi.server,req-2c664ff4-51a8-435f-9be4-94d2473cc2c3 113d3a99c3da401fbd62cc2caa5b96d2 54fadb412c4e40cdbaed9335e4c35a9e - - -,"10.11.10.1 ""GET /v2/54fadb412c4e40cdbaed9335e4c35a9e/servers/detail HTTP/1.1"" status: 200 len: 1893 time: 0.2595649",0,<*> <*> <*>HTTP<*>status: <*> len: <*> time: <*>.<*>,"['10.11.10.1', '""GET /v2/54fadb412c4e40cdbaed9335e4c35a9e/servers/detail ', '/1.1"" ', '200', '1893', '0.2595649']"
931,nova-api.log.2017-05-14_21:27:04,2017-05-14,19:46:02.247,25746,INFO,nova.osapi_compute.wsgi.server,req-f96b7d28-930b-45d3-9ed6-f89f7c564c46 113d3a99c3da401fbd62cc2caa5b96d2 54fadb412c4e40cdbaed9335e4c35a9e - - -,"10.11.10.1 ""GET /v2/54fadb412c4e40cdbaed9335e4c35a9e/servers/detail HTTP/1.1"" status: 200 len: 1893 time: 0.2538800",0,<*> <*> <*>HTTP<*>status: <*> len: <*> time: <*>.<*>,"['10.11.10.1', '""GET /v2/54fadb412c4e40cdbaed9335e4c35a9e/servers/detail ', '/1.1"" ', '200', '1893', '0.2538800']"
932,nova-api.log.2017-05-14_21:27:04,2017-05-14,19:46:03.518,25746,INFO,nova.osapi_compute.wsgi.server,req-e1e8a74b-d67b-4359-ba0e-4fcc2d74b78a 113d3a99c3da401fbd62cc2caa5b96d2 54fadb412c4e40cdbaed9335e4c35a9e - - -,"10.11.10.1 ""GET /v2/54fadb412c4e40cdbaed9335e4c35a9e/servers/detail HTTP/1.1"" status: 200 len: 1893 time: 0.2652910",0,<*> <*> <*>HTTP<*>status: <*> len: <*> time: <*>.<*>,"['10.11.10.1', '""GET /v2/54fadb412c4e40cdbaed9335e4c35a9e/servers/detail ', '/1.1"" ', '200', '1893', '0.2652910']"
933,nova-api.log.2017-05-14_21:27:04,2017-05-14,19:46:03.801,25746,INFO,nova.osapi_compute.wsgi.server,req-e83cd75e-e981-4d35-b174-ea4a29d8d918 113d3a99c3da401fbd62cc2caa5b96d2 54fadb412c4e40cdbaed9335e4c35a9e - - -,"10.11.10.1 ""GET /v2/54fadb412c4e40cdbaed9335e4c35a9e/servers/detail HTTP/1.1"" status: 200 len: 1893 time: 0.2786851",0,<*> <*> <*>HTTP<*>status: <*> len: <*> time: <*>.<*>,"['10.11.10.1', '""GET /v2/54fadb412c4e40cdbaed9335e4c35a9e/servers/detail ', '/1.1"" ', '200', '1893', '0.2786851']"
934,nova-api.log.2017-05-14_21:27:04,2017-05-14,19:46:05.058,25746,INFO,nova.osapi_compute.wsgi.server,req-5c77dd57-fd61-485f-8f4e-982baedaebd0 113d3a99c3da401fbd62cc2caa5b96d2 54fadb412c4e40cdbaed9335e4c35a9e - - -,"10.11.10.1 ""GET /v2/54fadb412c4e40cdbaed9335e4c35a9e/servers/detail HTTP/1.1"" status: 200 len: 1893 time: 0.2517278",0,<*> <*> <*>HTTP<*>status: <*> len: <*> time: <*>.<*>,"['10.11.10.1', '""GET /v2/54fadb412c4e40cdbaed9335e4c35a9e/servers/detail ', '/1.1"" ', '200', '1893', '0.2517278']"
935,nova-api.log.2017-05-14_21:27:04,2017-05-14,19:46:05.323,25746,INFO,nova.osapi_compute.wsgi.server,req-c1e97d03-2185-448c-b1d4-c4855e5d1796 113d3a99c3da401fbd62cc2caa5b96d2 54fadb412c4e40cdbaed9335e4c35a9e - - -,"10.11.10.1 ""GET /v2/54fadb412c4e40cdbaed9335e4c35a9e/servers/detail HTTP/1.1"" status: 200 len: 1893 time: 0.2600148",0,<*> <*> <*>HTTP<*>status: <*> len: <*> time: <*>.<*>,"['10.11.10.1', '""GET /v2/54fadb412c4e40cdbaed9335e4c35a9e/servers/detail ', '/1.1"" ', '200', '1893', '0.2600148']"
936,nova-api.log.2017-05-14_21:27:04,2017-05-14,19:46:06.589,25746,INFO,nova.osapi_compute.wsgi.server,req-a7f276dd-fe18-45dc-b529-4cea64c8f828 113d3a99c3da401fbd62cc2caa5b96d2 54fadb412c4e40cdbaed9335e4c35a9e - - -,"10.11.10.1 ""GET /v2/54fadb412c4e40cdbaed9335e4c35a9e/servers/detail HTTP/1.1"" status: 200 len: 1893 time: 0.2614701",0,<*> <*> <*>HTTP<*>status: <*> len: <*> time: <*>.<*>,"['10.11.10.1', '""GET /v2/54fadb412c4e40cdbaed9335e4c35a9e/servers/detail ', '/1.1"" ', '200', '1893', '0.2614701']"
937,nova-api.log.2017-05-14_21:27:04,2017-05-14,19:46:06.842,25746,INFO,nova.osapi_compute.wsgi.server,req-06befeae-b8ba-415c-a3d9-b42f47a5b081 113d3a99c3da401fbd62cc2caa5b96d2 54fadb412c4e40cdbaed9335e4c35a9e - - -,"10.11.10.1 ""GET /v2/54fadb412c4e40cdbaed9335e4c35a9e/servers/detail HTTP/1.1"" status: 200 len: 1893 time: 0.2484860",0,<*> <*> <*>HTTP<*>status: <*> len: <*> time: <*>.<*>,"['10.11.10.1', '""GET /v2/54fadb412c4e40cdbaed9335e4c35a9e/servers/detail ', '/1.1"" ', '200', '1893', '0.2484860']"
938,nova-api.log.2017-05-14_21:27:04,2017-05-14,19:46:08.108,25746,INFO,nova.osapi_compute.wsgi.server,req-59d2da76-ed4a-46ed-86df-89807848685d 113d3a99c3da401fbd62cc2caa5b96d2 54fadb412c4e40cdbaed9335e4c35a9e - - -,"10.11.10.1 ""GET /v2/54fadb412c4e40cdbaed9335e4c35a9e/servers/detail HTTP/1.1"" status: 200 len: 1893 time: 0.2603660",0,<*> <*> <*>HTTP<*>status: <*> len: <*> time: <*>.<*>,"['10.11.10.1', '""GET /v2/54fadb412c4e40cdbaed9335e4c35a9e/servers/detail ', '/1.1"" ', '200', '1893', '0.2603660']"
939,nova-api.log.2017-05-14_21:27:04,2017-05-14,19:46:08.384,25746,INFO,nova.osapi_compute.wsgi.server,req-0196d8c1-1ac9-44a0-9aef-2606c750c01e 113d3a99c3da401fbd62cc2caa5b96d2 54fadb412c4e40cdbaed9335e4c35a9e - - -,"10.11.10.1 ""GET /v2/54fadb412c4e40cdbaed9335e4c35a9e/servers/detail HTTP/1.1"" status: 200 len: 1893 time: 0.2716780",0,<*> <*> <*>HTTP<*>status: <*> len: <*> time: <*>.<*>,"['10.11.10.1', '""GET /v2/54fadb412c4e40cdbaed9335e4c35a9e/servers/detail ', '/1.1"" ', '200', '1893', '0.2716780']"
940,nova-api.log.2017-05-14_21:27:04,2017-05-14,19:46:09.659,25746,INFO,nova.osapi_compute.wsgi.server,req-98019af5-c7b6-4f91-87a3-b0f578c683c8 113d3a99c3da401fbd62cc2caa5b96d2 54fadb412c4e40cdbaed9335e4c35a9e - - -,"10.11.10.1 ""GET /v2/54fadb412c4e40cdbaed9335e4c35a9e/servers/detail HTTP/1.1"" status: 200 len: 1893 time: 0.2705631",0,<*> <*> <*>HTTP<*>status: <*> len: <*> time: <*>.<*>,"['10.11.10.1', '""GET /v2/54fadb412c4e40cdbaed9335e4c35a9e/servers/detail ', '/1.1"" ', '200', '1893', '0.2705631']"
941,nova-api.log.2017-05-14_21:27:04,2017-05-14,19:46:09.923,25746,INFO,nova.osapi_compute.wsgi.server,req-8ca62df1-7748-4b38-a6d4-a7a3d3a75997 113d3a99c3da401fbd62cc2caa5b96d2 54fadb412c4e40cdbaed9335e4c35a9e - - -,"10.11.10.1 ""GET /v2/54fadb412c4e40cdbaed9335e4c35a9e/servers/detail HTTP/1.1"" status: 200 len: 1893 time: 0.2589900",0,<*> <*> <*>HTTP<*>status: <*> len: <*> time: <*>.<*>,"['10.11.10.1', '""GET /v2/54fadb412c4e40cdbaed9335e4c35a9e/servers/detail ', '/1.1"" ', '200', '1893', '0.2589900']"
942,nova-compute.log.2017-05-14_21:27:09,2017-05-14,19:46:10.914,2931,INFO,nova.virt.libvirt.imagecache,req-addc1839-2ed5-4778-b57e-5854eb7b8b09 - - - - -,image 0673dd71-34c5-4fbb-86c4-40623fbe45b4 at (/var/lib/nova/instances/_base/a489c868f0c37da93b76227c91bb03908ac0e742): checking,5,image <*>dd<*>-<*>c<*>-<*>fbb-<*>c<*>-<*>fbe<*>b<*> at (<*>checking,"['0673', '71-34', '5-4', '86c4', '40623', '45b4', '/var/lib/nova/instances/_base/a489c868f0c37da93b76227c91bb03908ac0e742): ']"
943,nova-compute.log.2017-05-14_21:27:09,2017-05-14,19:46:10.915,2931,INFO,nova.virt.libvirt.imagecache,req-addc1839-2ed5-4778-b57e-5854eb7b8b09 - - - - -,"image 0673dd71-34c5-4fbb-86c4-40623fbe45b4 at (/var/lib/nova/instances/_base/a489c868f0c37da93b76227c91bb03908ac0e742): in use: on this node 1 local, 0 on other nodes sharing this instance storage",6,"image <*>dd<*>-<*>c<*>-<*>fbb-<*>c<*>-<*>fbe<*>b<*> at (<*>in use: on this node <*> local, <*> on other nodes sharing this instance storage","['0673', '71-34', '5-4', '86c4', '40623', '45b4', '/var/lib/nova/instances/_base/a489c868f0c37da93b76227c91bb03908ac0e742): ', '1', '0']"
944,nova-compute.log.2017-05-14_21:27:09,2017-05-14,19:46:11.097,2931,INFO,nova.virt.libvirt.imagecache,req-addc1839-2ed5-4778-b57e-5854eb7b8b09 - - - - -,Active base files: /var/lib/nova/instances/_base/a489c868f0c37da93b76227c91bb03908ac0e742,7,<*> base <*> /var/lib/nova/instances/_base/a<*>c<*>f<*>c<*>da<*>b<*>c<*>bb<*>ac<*>e<*>,"['Active', 'files:', '489c868', '0c37', '93b76227', '91', '03908', '0e742']"
945,nova-api.log.2017-05-14_21:27:04,2017-05-14,19:46:11.189,25746,INFO,nova.osapi_compute.wsgi.server,req-66d982f5-0038-4d2c-ac7c-9861b204df74 113d3a99c3da401fbd62cc2caa5b96d2 54fadb412c4e40cdbaed9335e4c35a9e - - -,"10.11.10.1 ""GET /v2/54fadb412c4e40cdbaed9335e4c35a9e/servers/detail HTTP/1.1"" status: 200 len: 1893 time: 0.2602611",0,<*> <*> <*>HTTP<*>status: <*> len: <*> time: <*>.<*>,"['10.11.10.1', '""GET /v2/54fadb412c4e40cdbaed9335e4c35a9e/servers/detail ', '/1.1"" ', '200', '1893', '0.2602611']"
946,nova-api.log.2017-05-14_21:27:04,2017-05-14,19:46:11.462,25746,INFO,nova.osapi_compute.wsgi.server,req-d1546c29-ae1f-4f5f-918c-4c533498769e 113d3a99c3da401fbd62cc2caa5b96d2 54fadb412c4e40cdbaed9335e4c35a9e - - -,"10.11.10.1 ""GET /v2/54fadb412c4e40cdbaed9335e4c35a9e/servers/detail HTTP/1.1"" status: 200 len: 1893 time: 0.2687039",0,<*> <*> <*>HTTP<*>status: <*> len: <*> time: <*>.<*>,"['10.11.10.1', '""GET /v2/54fadb412c4e40cdbaed9335e4c35a9e/servers/detail ', '/1.1"" ', '200', '1893', '0.2687039']"
947,nova-compute.log.2017-05-14_21:27:09,2017-05-14,19:46:12.353,2931,INFO,nova.compute.manager,req-3ea4052c-895d-4b64-9e2d-04d64c4d94ab - - - - -,[instance: ff591e5e-e6f2-4a41-84c4-99d889344f20] VM Started (Lifecycle Event),2,<*> VM <*> (Lifecycle Event),"['[instance: ff591e5e-e6f2-4a41-84c4-99d889344f20]', 'Started']"
948,nova-compute.log.2017-05-14_21:27:09,2017-05-14,19:46:12.424,2931,INFO,nova.compute.manager,req-3ea4052c-895d-4b64-9e2d-04d64c4d94ab - - - - -,[instance: ff591e5e-e6f2-4a41-84c4-99d889344f20] VM Paused (Lifecycle Event),2,<*> VM <*> (Lifecycle Event),"['[instance: ff591e5e-e6f2-4a41-84c4-99d889344f20]', 'Paused']"
949,nova-compute.log.2017-05-14_21:27:09,2017-05-14,19:46:12.546,2931,INFO,nova.compute.manager,req-3ea4052c-895d-4b64-9e2d-04d64c4d94ab - - - - -,[instance: ff591e5e-e6f2-4a41-84c4-99d889344f20] During sync_power_state the instance has a pending task (spawning). Skip.,4,<*> During sync_power_state the instance has a pending task (spawning). Skip.,['[instance: ff591e5e-e6f2-4a41-84c4-99d889344f20]']
950,nova-api.log.2017-05-14_21:27:04,2017-05-14,19:46:12.737,25746,INFO,nova.osapi_compute.wsgi.server,req-c1697e4a-1feb-42e5-9419-5bfa6ac5c8bc 113d3a99c3da401fbd62cc2caa5b96d2 54fadb412c4e40cdbaed9335e4c35a9e - - -,"10.11.10.1 ""GET /v2/54fadb412c4e40cdbaed9335e4c35a9e/servers/detail HTTP/1.1"" status: 200 len: 1893 time: 0.2709551",0,<*> <*> <*>HTTP<*>status: <*> len: <*> time: <*>.<*>,"['10.11.10.1', '""GET /v2/54fadb412c4e40cdbaed9335e4c35a9e/servers/detail ', '/1.1"" ', '200', '1893', '0.2709551']"
951,nova-api.log.2017-05-14_21:27:04,2017-05-14,19:46:13.012,25746,INFO,nova.osapi_compute.wsgi.server,req-d9fba164-bfa3-4010-81bd-951b16cbf251 113d3a99c3da401fbd62cc2caa5b96d2 54fadb412c4e40cdbaed9335e4c35a9e - - -,"10.11.10.1 ""GET /v2/54fadb412c4e40cdbaed9335e4c35a9e/servers/detail HTTP/1.1"" status: 200 len: 1893 time: 0.2711790",0,<*> <*> <*>HTTP<*>status: <*> len: <*> time: <*>.<*>,"['10.11.10.1', '""GET /v2/54fadb412c4e40cdbaed9335e4c35a9e/servers/detail ', '/1.1"" ', '200', '1893', '0.2711790']"
952,nova-api.log.2017-05-14_21:27:04,2017-05-14,19:46:14.273,25746,INFO,nova.osapi_compute.wsgi.server,req-ca98f02f-e3f2-4b8e-a4b8-52f580c222ca 113d3a99c3da401fbd62cc2caa5b96d2 54fadb412c4e40cdbaed9335e4c35a9e - - -,"10.11.10.1 ""GET /v2/54fadb412c4e40cdbaed9335e4c35a9e/servers/detail HTTP/1.1"" status: 200 len: 1893 time: 0.2551601",0,<*> <*> <*>HTTP<*>status: <*> len: <*> time: <*>.<*>,"['10.11.10.1', '""GET /v2/54fadb412c4e40cdbaed9335e4c35a9e/servers/detail ', '/1.1"" ', '200', '1893', '0.2551601']"
953,nova-api.log.2017-05-14_21:27:04,2017-05-14,19:46:14.713,25746,INFO,nova.osapi_compute.wsgi.server,req-68a26fc2-15c3-4ea1-8dcc-b56e64d84c28 113d3a99c3da401fbd62cc2caa5b96d2 54fadb412c4e40cdbaed9335e4c35a9e - - -,"10.11.10.1 ""GET /v2/54fadb412c4e40cdbaed9335e4c35a9e/servers/detail HTTP/1.1"" status: 200 len: 1893 time: 0.4351962",0,<*> <*> <*>HTTP<*>status: <*> len: <*> time: <*>.<*>,"['10.11.10.1', '""GET /v2/54fadb412c4e40cdbaed9335e4c35a9e/servers/detail ', '/1.1"" ', '200', '1893', '0.4351962']"
954,nova-api.log.2017-05-14_21:27:04,2017-05-14,19:46:15.974,25746,INFO,nova.osapi_compute.wsgi.server,req-447b1800-ea17-47fc-b4ca-6ed3ca54fb4f 113d3a99c3da401fbd62cc2caa5b96d2 54fadb412c4e40cdbaed9335e4c35a9e - - -,"10.11.10.1 ""GET /v2/54fadb412c4e40cdbaed9335e4c35a9e/servers/detail HTTP/1.1"" status: 200 len: 1893 time: 0.2557731",0,<*> <*> <*>HTTP<*>status: <*> len: <*> time: <*>.<*>,"['10.11.10.1', '""GET /v2/54fadb412c4e40cdbaed9335e4c35a9e/servers/detail ', '/1.1"" ', '200', '1893', '0.2557731']"
955,nova-compute.log.2017-05-14_21:27:09,2017-05-14,19:46:16.145,2931,INFO,nova.virt.libvirt.imagecache,req-addc1839-2ed5-4778-b57e-5854eb7b8b09 - - - - -,image 0673dd71-34c5-4fbb-86c4-40623fbe45b4 at (/var/lib/nova/instances/_base/a489c868f0c37da93b76227c91bb03908ac0e742): checking,5,image <*>dd<*>-<*>c<*>-<*>fbb-<*>c<*>-<*>fbe<*>b<*> at (<*>checking,"['0673', '71-34', '5-4', '86c4', '40623', '45b4', '/var/lib/nova/instances/_base/a489c868f0c37da93b76227c91bb03908ac0e742): ']"
956,nova-compute.log.2017-05-14_21:27:09,2017-05-14,19:46:16.146,2931,INFO,nova.virt.libvirt.imagecache,req-addc1839-2ed5-4778-b57e-5854eb7b8b09 - - - - -,"image 0673dd71-34c5-4fbb-86c4-40623fbe45b4 at (/var/lib/nova/instances/_base/a489c868f0c37da93b76227c91bb03908ac0e742): in use: on this node 1 local, 0 on other nodes sharing this instance storage",6,"image <*>dd<*>-<*>c<*>-<*>fbb-<*>c<*>-<*>fbe<*>b<*> at (<*>in use: on this node <*> local, <*> on other nodes sharing this instance storage","['0673', '71-34', '5-4', '86c4', '40623', '45b4', '/var/lib/nova/instances/_base/a489c868f0c37da93b76227c91bb03908ac0e742): ', '1', '0']"
957,nova-api.log.2017-05-14_21:27:04,2017-05-14,19:46:16.254,25746,INFO,nova.osapi_compute.wsgi.server,req-b592cb89-495a-4abf-8bda-15dcbe280abc 113d3a99c3da401fbd62cc2caa5b96d2 54fadb412c4e40cdbaed9335e4c35a9e - - -,"10.11.10.1 ""GET /v2/54fadb412c4e40cdbaed9335e4c35a9e/servers/detail HTTP/1.1"" status: 200 len: 1893 time: 0.2754130",0,<*> <*> <*>HTTP<*>status: <*> len: <*> time: <*>.<*>,"['10.11.10.1', '""GET /v2/54fadb412c4e40cdbaed9335e4c35a9e/servers/detail ', '/1.1"" ', '200', '1893', '0.2754130']"
958,nova-compute.log.2017-05-14_21:27:09,2017-05-14,19:46:16.323,2931,INFO,nova.virt.libvirt.imagecache,req-addc1839-2ed5-4778-b57e-5854eb7b8b09 - - - - -,Active base files: /var/lib/nova/instances/_base/a489c868f0c37da93b76227c91bb03908ac0e742,7,<*> base <*> /var/lib/nova/instances/_base/a<*>c<*>f<*>c<*>da<*>b<*>c<*>bb<*>ac<*>e<*>,"['Active', 'files:', '489c868', '0c37', '93b76227', '91', '03908', '0e742']"
959,nova-api.log.2017-05-14_21:27:04,2017-05-14,19:46:17.542,25746,INFO,nova.osapi_compute.wsgi.server,req-13596364-bd26-4c0d-a512-b71eeb03c5b8 113d3a99c3da401fbd62cc2caa5b96d2 54fadb412c4e40cdbaed9335e4c35a9e - - -,"10.11.10.1 ""GET /v2/54fadb412c4e40cdbaed9335e4c35a9e/servers/detail HTTP/1.1"" status: 200 len: 1893 time: 0.2827282",0,<*> <*> <*>HTTP<*>status: <*> len: <*> time: <*>.<*>,"['10.11.10.1', '""GET /v2/54fadb412c4e40cdbaed9335e4c35a9e/servers/detail ', '/1.1"" ', '200', '1893', '0.2827282']"
960,nova-api.log.2017-05-14_21:27:04,2017-05-14,19:46:17.800,25746,INFO,nova.osapi_compute.wsgi.server,req-11f3f559-128a-432f-beb9-263543841e16 113d3a99c3da401fbd62cc2caa5b96d2 54fadb412c4e40cdbaed9335e4c35a9e - - -,"10.11.10.1 ""GET /v2/54fadb412c4e40cdbaed9335e4c35a9e/servers/detail HTTP/1.1"" status: 200 len: 1893 time: 0.2533720",0,<*> <*> <*>HTTP<*>status: <*> len: <*> time: <*>.<*>,"['10.11.10.1', '""GET /v2/54fadb412c4e40cdbaed9335e4c35a9e/servers/detail ', '/1.1"" ', '200', '1893', '0.2533720']"
961,nova-api.log.2017-05-14_21:27:04,2017-05-14,19:46:18.305,25743,INFO,nova.api.openstack.compute.server_external_events,req-62d947de-8c40-44aa-8e53-d39bdcf916d7 f7b8d1f1d4d44643b07fa10ca7d021fb e9746973ac574c6b8a9e8857f56a7608 - - -,Creating event network-vif-plugged:4f75bf16-c149-46de-8ded-d2e7800136eb for instance ff591e5e-e6f2-4a41-84c4-99d889344f20,8,Creating event <*> for instance <*>,"['network-vif-plugged:4f75bf16-c149-46de-8ded-d2e7800136eb', 'ff591e5e-e6f2-4a41-84c4-99d889344f20']"
962,nova-api.log.2017-05-14_21:27:04,2017-05-14,19:46:18.310,25743,INFO,nova.osapi_compute.wsgi.server,req-62d947de-8c40-44aa-8e53-d39bdcf916d7 f7b8d1f1d4d44643b07fa10ca7d021fb e9746973ac574c6b8a9e8857f56a7608 - - -,"10.11.10.1 ""POST /v2/e9746973ac574c6b8a9e8857f56a7608/os-server-external-events HTTP/1.1"" status: 200 len: 380 time: 0.0979061",0,<*> <*> <*>HTTP<*>status: <*> len: <*> time: <*>.<*>,"['10.11.10.1', '""POST /v2/e9746973ac574c6b8a9e8857f56a7608/os-server-external-events ', '/1.1"" ', '200', '380', '0.0979061']"
963,nova-compute.log.2017-05-14_21:27:09,2017-05-14,19:46:18.319,2931,INFO,nova.compute.manager,req-3ea4052c-895d-4b64-9e2d-04d64c4d94ab - - - - -,[instance: ff591e5e-e6f2-4a41-84c4-99d889344f20] VM Resumed (Lifecycle Event),2,<*> VM <*> (Lifecycle Event),"['[instance: ff591e5e-e6f2-4a41-84c4-99d889344f20]', 'Resumed']"
964,nova-compute.log.2017-05-14_21:27:09,2017-05-14,19:46:18.329,2931,INFO,nova.virt.libvirt.driver,-,[instance: ff591e5e-e6f2-4a41-84c4-99d889344f20] Instance spawned successfully.,9,<*> Instance <*> successfully.,"['[instance: ff591e5e-e6f2-4a41-84c4-99d889344f20]', 'spawned']"
965,nova-compute.log.2017-05-14_21:27:09,2017-05-14,19:46:18.330,2931,INFO,nova.compute.manager,req-1b96b632-e46c-4605-86a3-cd65caa06370 113d3a99c3da401fbd62cc2caa5b96d2 54fadb412c4e40cdbaed9335e4c35a9e - - -,[instance: ff591e5e-e6f2-4a41-84c4-99d889344f20] Took 18.80 seconds to spawn the instance on the hypervisor.,10,<*> Took <*>.<*> seconds to <*> the instance on the hypervisor.,"['[instance: ff591e5e-e6f2-4a41-84c4-99d889344f20]', '18.80', 'spawn']"
966,nova-compute.log.2017-05-14_21:27:09,2017-05-14,19:46:18.439,2931,INFO,nova.compute.manager,req-3ea4052c-895d-4b64-9e2d-04d64c4d94ab - - - - -,[instance: ff591e5e-e6f2-4a41-84c4-99d889344f20] During sync_power_state the instance has a pending task (spawning). Skip.,4,<*> During sync_power_state the instance has a pending task (spawning). Skip.,['[instance: ff591e5e-e6f2-4a41-84c4-99d889344f20]']
967,nova-compute.log.2017-05-14_21:27:09,2017-05-14,19:46:18.441,2931,INFO,nova.compute.manager,req-3ea4052c-895d-4b64-9e2d-04d64c4d94ab - - - - -,[instance: ff591e5e-e6f2-4a41-84c4-99d889344f20] VM Resumed (Lifecycle Event),2,<*> VM <*> (Lifecycle Event),"['[instance: ff591e5e-e6f2-4a41-84c4-99d889344f20]', 'Resumed']"
968,nova-compute.log.2017-05-14_21:27:09,2017-05-14,19:46:18.463,2931,INFO,nova.compute.manager,req-1b96b632-e46c-4605-86a3-cd65caa06370 113d3a99c3da401fbd62cc2caa5b96d2 54fadb412c4e40cdbaed9335e4c35a9e - - -,[instance: ff591e5e-e6f2-4a41-84c4-99d889344f20] Took 19.56 seconds to build instance.,11,<*> Took <*>.<*> seconds to build instance.,"['[instance: ff591e5e-e6f2-4a41-84c4-99d889344f20]', '19.56']"
969,nova-api.log.2017-05-14_21:27:04,2017-05-14,19:46:19.057,25746,INFO,nova.osapi_compute.wsgi.server,req-3b678047-9463-40c1-801d-2a69fcb860dd 113d3a99c3da401fbd62cc2caa5b96d2 54fadb412c4e40cdbaed9335e4c35a9e - - -,"10.11.10.1 ""GET /v2/54fadb412c4e40cdbaed9335e4c35a9e/servers/detail HTTP/1.1"" status: 200 len: 1910 time: 0.2507160",0,<*> <*> <*>HTTP<*>status: <*> len: <*> time: <*>.<*>,"['10.11.10.1', '""GET /v2/54fadb412c4e40cdbaed9335e4c35a9e/servers/detail ', '/1.1"" ', '200', '1910', '0.2507160']"
970,nova-api.log.2017-05-14_21:27:04,2017-05-14,19:46:19.332,25746,INFO,nova.osapi_compute.wsgi.server,req-29548908-afe4-4f8a-a61a-f966cc3c6abe 113d3a99c3da401fbd62cc2caa5b96d2 54fadb412c4e40cdbaed9335e4c35a9e - - -,"10.11.10.1 ""GET /v2/54fadb412c4e40cdbaed9335e4c35a9e/servers/detail HTTP/1.1"" status: 200 len: 1910 time: 0.2713351",0,<*> <*> <*>HTTP<*>status: <*> len: <*> time: <*>.<*>,"['10.11.10.1', '""GET /v2/54fadb412c4e40cdbaed9335e4c35a9e/servers/detail ', '/1.1"" ', '200', '1910', '0.2713351']"
971,nova-compute.log.2017-05-14_21:27:09,2017-05-14,19:46:21.376,2931,INFO,nova.virt.libvirt.imagecache,req-addc1839-2ed5-4778-b57e-5854eb7b8b09 - - - - -,image 0673dd71-34c5-4fbb-86c4-40623fbe45b4 at (/var/lib/nova/instances/_base/a489c868f0c37da93b76227c91bb03908ac0e742): checking,5,image <*>dd<*>-<*>c<*>-<*>fbb-<*>c<*>-<*>fbe<*>b<*> at (<*>checking,"['0673', '71-34', '5-4', '86c4', '40623', '45b4', '/var/lib/nova/instances/_base/a489c868f0c37da93b76227c91bb03908ac0e742): ']"
972,nova-compute.log.2017-05-14_21:27:09,2017-05-14,19:46:21.377,2931,INFO,nova.virt.libvirt.imagecache,req-addc1839-2ed5-4778-b57e-5854eb7b8b09 - - - - -,"image 0673dd71-34c5-4fbb-86c4-40623fbe45b4 at (/var/lib/nova/instances/_base/a489c868f0c37da93b76227c91bb03908ac0e742): in use: on this node 1 local, 0 on other nodes sharing this instance storage",6,"image <*>dd<*>-<*>c<*>-<*>fbb-<*>c<*>-<*>fbe<*>b<*> at (<*>in use: on this node <*> local, <*> on other nodes sharing this instance storage","['0673', '71-34', '5-4', '86c4', '40623', '45b4', '/var/lib/nova/instances/_base/a489c868f0c37da93b76227c91bb03908ac0e742): ', '1', '0']"
973,nova-compute.log.2017-05-14_21:27:09,2017-05-14,19:46:21.559,2931,INFO,nova.virt.libvirt.imagecache,req-addc1839-2ed5-4778-b57e-5854eb7b8b09 - - - - -,Active base files: /var/lib/nova/instances/_base/a489c868f0c37da93b76227c91bb03908ac0e742,7,<*> base <*> /var/lib/nova/instances/_base/a<*>c<*>f<*>c<*>da<*>b<*>c<*>bb<*>ac<*>e<*>,"['Active', 'files:', '489c868', '0c37', '93b76227', '91', '03908', '0e742']"
974,nova-api.log.2017-05-14_21:27:04,2017-05-14,19:46:24.734,25795,INFO,nova.metadata.wsgi.server,req-589aedfd-2463-4d95-aec1-5d86445fb631 - - - - -,"10.11.11.235,10.11.10.1 ""GET /openstack/2012-08-10/meta_data.json HTTP/1.1"" status: 200 len: 264 time: 0.2285490",0,<*> <*> <*>HTTP<*>status: <*> len: <*> time: <*>.<*>,"['10.11.11.235,10.11.10.1', '""GET /openstack/2012-08-10/meta_data.json ', '/1.1"" ', '200', '264', '0.2285490']"
975,nova-api.log.2017-05-14_21:27:04,2017-05-14,19:46:25.050,25786,INFO,nova.metadata.wsgi.server,req-6cf95c93-550d-4393-9a30-cc1969c27029 - - - - -,"10.11.11.235,10.11.10.1 ""GET /openstack/2013-10-17 HTTP/1.1"" status: 200 len: 157 time: 0.2319410",0,<*> <*> <*>HTTP<*>status: <*> len: <*> time: <*>.<*>,"['10.11.11.235,10.11.10.1', '""GET /openstack/2013-10-17 ', '/1.1"" ', '200', '157', '0.2319410']"
976,nova-api.log.2017-05-14_21:27:04,2017-05-14,19:46:25.395,25776,INFO,nova.metadata.wsgi.server,req-eef84390-29f1-4970-b44a-04613d6f24a1 - - - - -,"10.11.11.235,10.11.10.1 ""GET /openstack/2013-10-17/vendor_data.json HTTP/1.1"" status: 200 len: 124 time: 0.3323791",0,<*> <*> <*>HTTP<*>status: <*> len: <*> time: <*>.<*>,"['10.11.11.235,10.11.10.1', '""GET /openstack/2013-10-17/vendor_data.json ', '/1.1"" ', '200', '124', '0.3323791']"
977,nova-api.log.2017-05-14_21:27:04,2017-05-14,19:46:25.598,25746,INFO,nova.osapi_compute.wsgi.server,req-08cadba8-55d3-423e-b3e3-a0c5bfee35f2 113d3a99c3da401fbd62cc2caa5b96d2 54fadb412c4e40cdbaed9335e4c35a9e - - -,"10.11.10.1 ""DELETE /v2/54fadb412c4e40cdbaed9335e4c35a9e/servers/ff591e5e-e6f2-4a41-84c4-99d889344f20 HTTP/1.1"" status: 204 len: 203 time: 0.2588811",0,<*> <*> <*>HTTP<*>status: <*> len: <*> time: <*>.<*>,"['10.11.10.1', '""DELETE /v2/54fadb412c4e40cdbaed9335e4c35a9e/servers/ff591e5e-e6f2-4a41-84c4-99d889344f20 ', '/1.1"" ', '204', '203', '0.2588811']"
978,nova-compute.log.2017-05-14_21:27:09,2017-05-14,19:46:25.633,2931,INFO,nova.compute.manager,req-08cadba8-55d3-423e-b3e3-a0c5bfee35f2 113d3a99c3da401fbd62cc2caa5b96d2 54fadb412c4e40cdbaed9335e4c35a9e - - -,[instance: ff591e5e-e6f2-4a41-84c4-99d889344f20] Terminating instance,12,<*> Terminating instance,['[instance: ff591e5e-e6f2-4a41-84c4-99d889344f20]']
979,nova-api.log.2017-05-14_21:27:04,2017-05-14,19:46:25.634,25779,INFO,nova.metadata.wsgi.server,req-8d7fc0b5-c0a2-4610-8823-3e8b1910564d - - - - -,"10.11.11.235,10.11.10.1 ""GET /openstack/2013-10-17/vendor_data.json HTTP/1.1"" status: 200 len: 124 time: 0.2281170",0,<*> <*> <*>HTTP<*>status: <*> len: <*> time: <*>.<*>,"['10.11.11.235,10.11.10.1', '""GET /openstack/2013-10-17/vendor_data.json ', '/1.1"" ', '200', '124', '0.2281170']"
980,nova-compute.log.2017-05-14_21:27:09,2017-05-14,19:46:25.850,2931,INFO,nova.virt.libvirt.driver,-,[instance: ff591e5e-e6f2-4a41-84c4-99d889344f20] Instance destroyed successfully.,9,<*> Instance <*> successfully.,"['[instance: ff591e5e-e6f2-4a41-84c4-99d889344f20]', 'destroyed']"
981,nova-api.log.2017-05-14_21:27:04,2017-05-14,19:46:26.026,25746,INFO,nova.osapi_compute.wsgi.server,req-d724cd84-1e84-4dbd-b04e-77dc73c2c28a 113d3a99c3da401fbd62cc2caa5b96d2 54fadb412c4e40cdbaed9335e4c35a9e - - -,"10.11.10.1 ""GET /v2/54fadb412c4e40cdbaed9335e4c35a9e/servers/detail HTTP/1.1"" status: 200 len: 1916 time: 0.4248891",0,<*> <*> <*>HTTP<*>status: <*> len: <*> time: <*>.<*>,"['10.11.10.1', '""GET /v2/54fadb412c4e40cdbaed9335e4c35a9e/servers/detail ', '/1.1"" ', '200', '1916', '0.4248891']"
982,nova-api.log.2017-05-14_21:27:04,2017-05-14,19:46:26.034,25797,INFO,nova.metadata.wsgi.server,req-3b21ca62-ef25-44e7-a1f3-727b90d0e95e - - - - -,"10.11.11.235,10.11.10.1 ""GET /openstack/2013-10-17/user_data HTTP/1.1"" status: 404 len: 176 time: 0.3832068",0,<*> <*> <*>HTTP<*>status: <*> len: <*> time: <*>.<*>,"['10.11.11.235,10.11.10.1', '""GET /openstack/2013-10-17/user_data ', '/1.1"" ', '404', '176', '0.3832068']"
983,nova-compute.log.2017-05-14_21:27:09,2017-05-14,19:46:26.514,2931,INFO,nova.virt.libvirt.driver,req-08cadba8-55d3-423e-b3e3-a0c5bfee35f2 113d3a99c3da401fbd62cc2caa5b96d2 54fadb412c4e40cdbaed9335e4c35a9e - - -,[instance: ff591e5e-e6f2-4a41-84c4-99d889344f20] Deleting instance files /var/lib/nova/instances/ff591e5e-e6f2-4a41-84c4-99d889344f20_del,13,<*> Deleting instance files <*>,"['[instance: ff591e5e-e6f2-4a41-84c4-99d889344f20]', '/var/lib/nova/instances/ff591e5e-e6f2-4a41-84c4-99d889344f20_del']"
984,nova-compute.log.2017-05-14_21:27:09,2017-05-14,19:46:26.515,2931,INFO,nova.virt.libvirt.driver,req-08cadba8-55d3-423e-b3e3-a0c5bfee35f2 113d3a99c3da401fbd62cc2caa5b96d2 54fadb412c4e40cdbaed9335e4c35a9e - - -,[instance: ff591e5e-e6f2-4a41-84c4-99d889344f20] Deletion of /var/lib/nova/instances/ff591e5e-e6f2-4a41-84c4-99d889344f20_del complete,14,<*> Deletion of <*>complete,"['[instance: ff591e5e-e6f2-4a41-84c4-99d889344f20]', '/var/lib/nova/instances/ff591e5e-e6f2-4a41-84c4-99d889344f20_del ']"
985,nova-compute.log.2017-05-14_21:27:09,2017-05-14,19:46:26.611,2931,INFO,nova.virt.libvirt.imagecache,req-addc1839-2ed5-4778-b57e-5854eb7b8b09 - - - - -,image 0673dd71-34c5-4fbb-86c4-40623fbe45b4 at (/var/lib/nova/instances/_base/a489c868f0c37da93b76227c91bb03908ac0e742): checking,5,image <*>dd<*>-<*>c<*>-<*>fbb-<*>c<*>-<*>fbe<*>b<*> at (<*>checking,"['0673', '71-34', '5-4', '86c4', '40623', '45b4', '/var/lib/nova/instances/_base/a489c868f0c37da93b76227c91bb03908ac0e742): ']"
986,nova-compute.log.2017-05-14_21:27:09,2017-05-14,19:46:26.613,2931,INFO,nova.virt.libvirt.imagecache,req-addc1839-2ed5-4778-b57e-5854eb7b8b09 - - - - -,"image 0673dd71-34c5-4fbb-86c4-40623fbe45b4 at (/var/lib/nova/instances/_base/a489c868f0c37da93b76227c91bb03908ac0e742): in use: on this node 1 local, 0 on other nodes sharing this instance storage",6,"image <*>dd<*>-<*>c<*>-<*>fbb-<*>c<*>-<*>fbe<*>b<*> at (<*>in use: on this node <*> local, <*> on other nodes sharing this instance storage","['0673', '71-34', '5-4', '86c4', '40623', '45b4', '/var/lib/nova/instances/_base/a489c868f0c37da93b76227c91bb03908ac0e742): ', '1', '0']"
987,nova-compute.log.2017-05-14_21:27:09,2017-05-14,19:46:26.650,2931,INFO,nova.compute.manager,req-08cadba8-55d3-423e-b3e3-a0c5bfee35f2 113d3a99c3da401fbd62cc2caa5b96d2 54fadb412c4e40cdbaed9335e4c35a9e - - -,[instance: ff591e5e-e6f2-4a41-84c4-99d889344f20] Took 1.01 seconds to destroy the instance on the hypervisor.,10,<*> Took <*>.<*> seconds to <*> the instance on the hypervisor.,"['[instance: ff591e5e-e6f2-4a41-84c4-99d889344f20]', '1.01', 'destroy']"
988,nova-compute.log.2017-05-14_21:27:09,2017-05-14,19:46:26.718,2931,INFO,nova.virt.libvirt.imagecache,req-addc1839-2ed5-4778-b57e-5854eb7b8b09 - - - - -,Active base files: /var/lib/nova/instances/_base/a489c868f0c37da93b76227c91bb03908ac0e742,7,<*> base <*> /var/lib/nova/instances/_base/a<*>c<*>f<*>c<*>da<*>b<*>c<*>bb<*>ac<*>e<*>,"['Active', 'files:', '489c868', '0c37', '93b76227', '91', '03908', '0e742']"
989,nova-compute.log.2017-05-14_21:27:09,2017-05-14,19:46:27.098,2931,INFO,nova.compute.manager,req-08cadba8-55d3-423e-b3e3-a0c5bfee35f2 113d3a99c3da401fbd62cc2caa5b96d2 54fadb412c4e40cdbaed9335e4c35a9e - - -,[instance: ff591e5e-e6f2-4a41-84c4-99d889344f20] Took 0.45 seconds to deallocate network for instance.,15,<*> Took <*>.<*> seconds to deallocate network for instance.,"['[instance: ff591e5e-e6f2-4a41-84c4-99d889344f20]', '0.45']"
990,nova-api.log.2017-05-14_21:27:04,2017-05-14,19:46:27.214,25746,INFO,nova.osapi_compute.wsgi.server,req-ef78bb8b-1ae3-48b1-88a1-f776dd72f594 113d3a99c3da401fbd62cc2caa5b96d2 54fadb412c4e40cdbaed9335e4c35a9e - - -,"10.11.10.1 ""GET /v2/54fadb412c4e40cdbaed9335e4c35a9e/servers/detail HTTP/1.1"" status: 200 len: 1740 time: 0.1818130",0,<*> <*> <*>HTTP<*>status: <*> len: <*> time: <*>.<*>,"['10.11.10.1', '""GET /v2/54fadb412c4e40cdbaed9335e4c35a9e/servers/detail ', '/1.1"" ', '200', '1740', '0.1818130']"
991,nova-api.log.2017-05-14_21:27:04,2017-05-14,19:46:28.313,25746,INFO,nova.osapi_compute.wsgi.server,req-1ed60a38-275a-4894-b3ab-0431dcf93bd3 113d3a99c3da401fbd62cc2caa5b96d2 54fadb412c4e40cdbaed9335e4c35a9e - - -,"10.11.10.1 ""GET /v2/54fadb412c4e40cdbaed9335e4c35a9e/servers/detail HTTP/1.1"" status: 200 len: 211 time: 0.0933309",0,<*> <*> <*>HTTP<*>status: <*> len: <*> time: <*>.<*>,"['10.11.10.1', '""GET /v2/54fadb412c4e40cdbaed9335e4c35a9e/servers/detail ', '/1.1"" ', '200', '211', '0.0933309']"
992,nova-api.log.2017-05-14_21:27:04,2017-05-14,19:46:29.131,25746,INFO,nova.api.openstack.wsgi,req-ff3fbc1c-5504-4f0c-9796-2ccd9aa9ffa9 f7b8d1f1d4d44643b07fa10ca7d021fb e9746973ac574c6b8a9e8857f56a7608 - - -,HTTP exception thrown: No instances found for any event,16,HTTP exception thrown: No instances found for any event,[]
993,nova-api.log.2017-05-14_21:27:04,2017-05-14,19:46:29.133,25746,INFO,nova.osapi_compute.wsgi.server,req-ff3fbc1c-5504-4f0c-9796-2ccd9aa9ffa9 f7b8d1f1d4d44643b07fa10ca7d021fb e9746973ac574c6b8a9e8857f56a7608 - - -,"10.11.10.1 ""POST /v2/e9746973ac574c6b8a9e8857f56a7608/os-server-external-events HTTP/1.1"" status: 404 len: 296 time: 0.0903640",0,<*> <*> <*>HTTP<*>status: <*> len: <*> time: <*>.<*>,"['10.11.10.1', '""POST /v2/e9746973ac574c6b8a9e8857f56a7608/os-server-external-events ', '/1.1"" ', '404', '296', '0.0903640']"
994,nova-compute.log.2017-05-14_21:27:09,2017-05-14,19:46:31.744,2931,WARNING,nova.virt.libvirt.imagecache,req-addc1839-2ed5-4778-b57e-5854eb7b8b09 - - - - -,Unknown base file: /var/lib/nova/instances/_base/a489c868f0c37da93b76227c91bb03908ac0e742,7,<*> base <*> /var/lib/nova/instances/_base/a<*>c<*>f<*>c<*>da<*>b<*>c<*>bb<*>ac<*>e<*>,"['Unknown', 'file:', '489c868', '0c37', '93b76227', '91', '03908', '0e742']"
995,nova-compute.log.2017-05-14_21:27:09,2017-05-14,19:46:31.745,2931,INFO,nova.virt.libvirt.imagecache,req-addc1839-2ed5-4778-b57e-5854eb7b8b09 - - - - -,Removable base files: /var/lib/nova/instances/_base/a489c868f0c37da93b76227c91bb03908ac0e742,7,<*> base <*> /var/lib/nova/instances/_base/a<*>c<*>f<*>c<*>da<*>b<*>c<*>bb<*>ac<*>e<*>,"['Removable', 'files:', '489c868', '0c37', '93b76227', '91', '03908', '0e742']"
996,nova-compute.log.2017-05-14_21:27:09,2017-05-14,19:46:31.746,2931,INFO,nova.virt.libvirt.imagecache,req-addc1839-2ed5-4778-b57e-5854eb7b8b09 - - - - -,Removing base or swap file: /var/lib/nova/instances/_base/a489c868f0c37da93b76227c91bb03908ac0e742,17,Removing base or swap file: /var/lib/nova/instances/_base/a<*>c<*>f<*>c<*>da<*>b<*>c<*>bb<*>ac<*>e<*>,"['489c868', '0c37', '93b76227', '91', '03908', '0e742']"
997,nova-api.log.2017-05-14_21:27:04,2017-05-14,19:46:38.811,25746,INFO,nova.osapi_compute.wsgi.server,req-70347f00-0acb-4d38-94fd-599d4725bfa4 113d3a99c3da401fbd62cc2caa5b96d2 54fadb412c4e40cdbaed9335e4c35a9e - - -,"10.11.10.1 ""POST /v2/54fadb412c4e40cdbaed9335e4c35a9e/servers HTTP/1.1"" status: 202 len: 733 time: 0.4885850",0,<*> <*> <*>HTTP<*>status: <*> len: <*> time: <*>.<*>,"['10.11.10.1', '""POST /v2/54fadb412c4e40cdbaed9335e4c35a9e/servers ', '/1.1"" ', '202', '733', '0.4885850']"
998,nova-api.log.2017-05-14_21:27:04,2017-05-14,19:46:39.006,25746,INFO,nova.osapi_compute.wsgi.server,req-1579368a-2821-4103-88e7-f382622dc07d 113d3a99c3da401fbd62cc2caa5b96d2 54fadb412c4e40cdbaed9335e4c35a9e - - -,"10.11.10.1 ""GET /v2/54fadb412c4e40cdbaed9335e4c35a9e/servers/detail HTTP/1.1"" status: 200 len: 1583 time: 0.1903000",0,<*> <*> <*>HTTP<*>status: <*> len: <*> time: <*>.<*>,"['10.11.10.1', '""GET /v2/54fadb412c4e40cdbaed9335e4c35a9e/servers/detail ', '/1.1"" ', '200', '1583', '0.1903000']"
999,nova-compute.log.2017-05-14_21:27:09,2017-05-14,19:46:39.095,2931,INFO,nova.compute.claims,req-70347f00-0acb-4d38-94fd-599d4725bfa4 113d3a99c3da401fbd62cc2caa5b96d2 54fadb412c4e40cdbaed9335e4c35a9e - - -,"[instance: 5f70629e-2759-4e41-b89d-25a1f4d16399] Attempting claim: memory 2048 MB, disk 20 GB, vcpus 1 CPU",18,"<*> Attempting claim: memory <*> MB, disk <*> GB, vcpus <*> CPU","['[instance: 5f70629e-2759-4e41-b89d-25a1f4d16399]', '2048', '20', '1']"
